1645736377.794458
0.075
28.875
31.8125
32.1875
119.75
1956
22.0
88
0.001
220
4
1645736378.513521,2048,2043.75,377.5,1.2909944487358056,317.75,1.707825127659933,299.75,0.9574271077563381,194.5,0.5773502691896257,123.75,0.9574271077563381,
1645736385.045348,2069,2063.75,371.75,1.707825127659933,311,1.4142135623730951,293.75,2.0615528128088303,191,1.4142135623730951,122,1.4142135623730951,
1645736391.568813,2090,2083.75,363.5,1.7320508075688772,304.75,2.362907813126304,289.25,2.217355782608345,187.5,1.0,119,0.0,
1645736398.092293,2111,2104.25,355.75,0.5,300,0.816496580927726,286.25,1.707825127659933,183,0.816496580927726,117.75,0.9574271077563381,
1645736404.614536,2132,2124.75,349,1.4142135623730951,294,2.943920288775949,280.5,1.7320508075688772,180.25,0.9574271077563381,115.75,1.707825127659933,
1645736411.140328,2153,2144,343,1.4142135623730951,288,1.4142135623730951,276.5,0.5773502691896257,177.5,0.5773502691896257,113.5,0.5773502691896257,
1645736417.66391,2174,2165,336.5,0.5773502691896257,283.25,1.2583057392117916,274,0.816496580927726,175.25,1.2583057392117916,111.75,0.9574271077563381,
1645736424.183518,2195,2185.5,329.75,0.9574271077563381,275.75,0.9574271077563381,270,0.816496580927726,171.75,0.9574271077563381,110.75,0.9574271077563381,
1645736430.708186,2216,2206,322.75,1.707825127659933,271,0.0,266.5,1.2909944487358056,168.5,1.0,109,1.1547005383792515,
1645736437.23053,2237,2224.75,316,0.0,264.5,1.2909944487358056,263.5,1.0,166.75,0.5,108.5,1.7320508075688772,
1645736443.754816,2258,2245.75,310,1.8257418583505538,259.25,1.2583057392117916,262,0.816496580927726,164.25,0.9574271077563381,108,0.816496580927726,
1645736450.276629,2279,2265.25,304.5,1.2909944487358056,252.5,1.2909944487358056,259.25,0.9574271077563381,162.25,0.5,106,1.4142135623730951,
1645736456.799648,2300,2285.75,296.75,2.0615528128088303,247.25,1.5,256.5,1.2909944487358056,160.5,0.5773502691896257,105.75,0.9574271077563381,
1645736463.321927,2321,2305.75,291.25,1.2583057392117916,242.25,1.5,254.75,0.9574271077563381,158.5,1.2909944487358056,104.75,0.5,
1645736469.843186,2342,2325.75,285.5,1.2909944487358056,236.75,1.2583057392117916,252.25,0.9574271077563381,156,0.816496580927726,104.5,1.0,
1645736476.366625,2363,2346,279.75,1.707825127659933,231.75,0.9574271077563381,250.75,0.9574271077563381,156,1.4142135623730951,104.75,1.707825127659933,
1645736482.889967,2384,2366.75,275.5,1.9148542155126762,226.75,1.707825127659933,249.5,1.2909944487358056,155.25,0.9574271077563381,105.5,0.5773502691896257,
1645736489.411266,2405,2386.5,269.75,1.2583057392117916,222.25,1.5,248.25,0.5,154,1.4142135623730951,104,1.1547005383792515,
1645736495.933903,2426,2405.75,265,0.0,218,1.4142135623730951,246.25,0.5,153,0.816496580927726,104,1.632993161855452,
1645736502.45647,2447,2427,261,1.4142135623730951,215,1.632993161855452,247.5,0.5773502691896257,152.75,0.5,105.75,0.9574271077563381,
1645736508.977292,2468,2447,257.75,0.9574271077563381,209.5,2.6457513110645907,246.75,0.5,155,0.816496580927726,105,1.4142135623730951,
1645736515.495763,2489,2467,251.5,1.9148542155126762,207.5,1.2909944487358056,247.25,0.5,154,0.816496580927726,106.5,0.5773502691896257,
1645736522.017021,2510,2487,249,1.1547005383792515,202.25,2.217355782608345,246.75,1.707825127659933,152.75,0.9574271077563381,107.25,1.2583057392117916,
1645736528.536962,2531,2507.25,244.5,0.5773502691896257,199.5,1.0,247.5,1.2909944487358056,155.25,0.9574271077563381,108.75,0.9574271077563381,
1645736535.059865,2552,2527.25,243,1.4142135623730951,198,1.4142135623730951,248.25,1.707825127659933,156.25,0.5,110.5,0.5773502691896257,
1645736541.579054,2573,2547,240.5,1.9148542155126762,194.5,1.2909944487358056,249.75,0.9574271077563381,156.5,0.5773502691896257,112.5,1.0,
1645736548.099114,2594,2567.75,238.75,0.9574271077563381,191.5,1.0,250.25,1.2583057392117916,158.25,0.9574271077563381,112.25,0.9574271077563381,
1645736554.621232,2615,2587.5,236.25,1.2583057392117916,189.25,0.9574271077563381,252.5,1.2909944487358056,159.75,0.9574271077563381,114,1.8257418583505538,
1645736561.143313,2636,2608.25,234.25,1.707825127659933,187.5,1.2909944487358056,254.75,0.9574271077563381,163,0.816496580927726,116.75,0.5,
1645736567.664724,2657,2628.25,231.5,1.9148542155126762,185.5,0.5773502691896257,257,0.0,164.5,1.2909944487358056,118.75,0.9574271077563381,
1645736574.185816,2678,2648.5,231.75,1.5,185.25,1.2583057392117916,259,0.816496580927726,166.75,0.5,121.5,0.5773502691896257,
1645736580.708635,2699,2667.5,231.5,1.2909944487358056,183.25,0.9574271077563381,261.75,0.5,169.5,1.2909944487358056,123.5,0.5773502691896257,
1645736587.230168,2720,2688,229.5,0.5773502691896257,183.75,1.2583057392117916,264,2.449489742783178,174,0.816496580927726,125,0.816496580927726,
1645736593.750983,2741,2708,231.5,1.9148542155126762,182,1.4142135623730951,268.75,0.5,176,1.1547005383792515,128.5,0.5773502691896257,
1645736600.273154,2762,2728,231.5,0.5773502691896257,181.75,0.5,272.25,0.9574271077563381,178.75,1.5,131.5,1.2909944487358056,
1645736606.794274,2783,2748.75,232.25,0.5,183.75,0.5,276.5,1.2909944487358056,182,1.4142135623730951,133.5,1.7320508075688772,
1645736613.31596,2804,2768,234.75,1.2583057392117916,185.25,0.9574271077563381,280.75,0.5,186.5,0.5773502691896257,136.25,0.5,
1645736619.838672,2825,2789.75,237.75,0.9574271077563381,186,0.816496580927726,285.75,0.5,189.25,1.2583057392117916,140.25,1.5,
1645736626.360314,2846,2809.5,238.75,0.5,186.75,2.0615528128088303,290.5,2.0816659994661326,193.75,0.9574271077563381,142.25,0.9574271077563381,
1645736632.882197,2867,2829,240.25,1.2583057392117916,189.75,1.5,294.75,0.9574271077563381,198.75,1.707825127659933,145.75,1.2583057392117916,
1645736639.403586,2888,2850.5,243.75,0.9574271077563381,192,1.632993161855452,301.25,1.707825127659933,202.25,0.5,149.25,0.9574271077563381,
1645736645.92531,2909,2870,248,0.816496580927726,192.75,1.707825127659933,307.25,1.707825127659933,208,0.816496580927726,152.5,0.5773502691896257,
1645736652.447023,2930,2889.5,250.75,1.5,195.5,0.5773502691896257,312.5,1.7320508075688772,212.75,1.5,157.5,1.9148542155126762,
1645736658.968695,2951,2910.5,254.5,1.7320508075688772,198.75,1.707825127659933,319.25,1.707825127659933,217.25,0.9574271077563381,160,1.4142135623730951,
1645736665.492986,2972,2929.75,259.25,1.707825127659933,202.5,1.2909944487358056,326.5,1.2909944487358056,221.25,2.217355782608345,163,1.4142135623730951,
1645736672.015917,2993,2951,264.75,1.2583057392117916,205.5,1.2909944487358056,331.5,1.2909944487358056,227,0.816496580927726,167,0.816496580927726,
1645736678.536752,3014,2970.5,269,0.816496580927726,210,0.816496580927726,338.75,1.2583057392117916,231.5,0.5773502691896257,171.25,0.9574271077563381,
1645736685.057644,3035,2990.75,275.25,0.5,213.75,1.8929694486000912,347.5,1.2909944487358056,236,0.0,174.5,1.2909944487358056,
1645736691.578945,3056,3009.5,280.5,2.0816659994661326,218,0.816496580927726,355,0.816496580927726,242.75,0.9574271077563381,178.25,0.5,
1645736698.097916,3077,3031,285.75,1.2583057392117916,223.5,0.5773502691896257,360.5,1.2909944487358056,248,1.1547005383792515,182.25,0.9574271077563381,
1645736704.620329,3098,3052,292,1.1547005383792515,227.5,0.5773502691896257,368.75,2.0615528128088303,252.75,1.2583057392117916,186.5,1.2909944487358056,
1645736711.142664,3119,3070.25,298,1.632993161855452,232.75,0.9574271077563381,375.75,1.8929694486000912,257.75,0.5,190,0.816496580927726,
1645736717.665054,3140,3091.25,306,2.70801280154532,238.75,0.9574271077563381,384,1.4142135623730951,262,0.816496580927726,194.25,0.5,
1645736724.187452,3161,3110.25,312.25,1.2583057392117916,244,0.816496580927726,392.25,0.9574271077563381,268.75,1.707825127659933,196.75,0.5,
1645736730.709667,3182,3130.75,317.5,1.7320508075688772,248.75,0.5,399.25,0.9574271077563381,274,0.816496580927726,200.25,0.9574271077563381,
1645736737.22984,3203,3151,324.5,1.2909944487358056,254.75,0.9574271077563381,408.5,1.7320508075688772,281.25,0.9574271077563381,205.5,1.2909944487358056,
1645736743.750805,3224,3170.5,333,0.816496580927726,260,1.4142135623730951,417,1.4142135623730951,285.75,0.9574271077563381,208.75,1.5,
1645736750.271848,3245,3191.75,339.25,2.753785273643051,266,0.816496580927726,424.5,0.5773502691896257,292.25,0.9574271077563381,212.75,1.8929694486000912,
1645736756.792964,3266,3212,347.25,0.5,272.25,1.2583057392117916,431.75,1.8929694486000912,296.75,1.2583057392117916,215.75,1.8929694486000912,
1645736763.311483,3287,3232,355.75,1.2583057392117916,277,1.4142135623730951,438.75,2.217355782608345,301.25,1.5,220.75,0.9574271077563381,
1645736769.835553,3308,3251.75,362,1.4142135623730951,285.25,1.5,447.5,2.3804761428476167,308,0.816496580927726,224.25,0.9574271077563381,
1645736776.354354,3329,3271.5,370.5,1.2909944487358056,290.75,0.5,454.5,1.7320508075688772,312.75,0.5,228,0.816496580927726,
1645736782.875526,3350,3292.75,378.25,1.707825127659933,296.5,1.0,464.25,0.5,319,0.816496580927726,232,1.632993161855452,
1645736789.396216,3371,3312.5,387.25,2.217355782608345,301.75,0.5,471.25,0.9574271077563381,322.5,0.5773502691896257,236.75,0.5,
1645736795.917282,3392,3332.25,394.25,2.0615528128088303,309.75,0.5,479.25,0.9574271077563381,329.5,0.5773502691896257,240,0.0,
1645736802.437755,3413,3352.25,403.5,1.7320508075688772,315.5,1.2909944487358056,488,2.943920288775949,335.25,0.5,243.75,0.9574271077563381,
1645736808.957083,3434,3372,410.75,0.5,322,0.816496580927726,495.75,0.5,340.5,0.5773502691896257,247,0.816496580927726,
1645736815.476891,3455,3393,418.5,1.2909944487358056,328.5,1.0,501.25,1.5,345,0.816496580927726,250,0.816496580927726,
1645736821.99843,3476,3412.75,425.75,1.5,336,1.632993161855452,511.25,0.9574271077563381,351,0.816496580927726,254.75,1.707825127659933,
1645736828.518076,3497,3433,433.25,0.9574271077563381,342.5,2.0816659994661326,518,1.4142135623730951,355.5,2.6457513110645907,258,0.816496580927726,
1645736835.040134,3518,3452.75,441.25,1.707825127659933,349,0.816496580927726,527.5,1.7320508075688772,361.5,0.5773502691896257,262.25,0.5,
1645736841.561583,3539,3472.75,451.5,1.2909944487358056,354.75,0.9574271077563381,535.25,0.9574271077563381,367,1.4142135623730951,265.5,0.5773502691896257,
1645736848.083768,3560,3492.75,456,0.816496580927726,362.25,1.707825127659933,543,0.816496580927726,372.75,0.9574271077563381,269.25,0.9574271077563381,
1645736854.606654,3581,3513.75,465.75,2.0615528128088303,367,1.4142135623730951,549,2.160246899469287,377.75,1.5,273.25,1.2583057392117916,
1645736861.124991,3602,3533.75,472.25,0.9574271077563381,374.75,0.9574271077563381,557.5,1.2909944487358056,383.25,1.707825127659933,276.5,0.5773502691896257,
1645736867.649139,3623,3553.75,483.25,1.2583057392117916,381.25,0.5,564.5,1.0,388.25,1.2583057392117916,281,1.632993161855452,
1645736874.169229,3644,3574,489.5,1.7320508075688772,387.5,0.5773502691896257,571.75,2.217355782608345,392.75,1.2583057392117916,284.75,1.2583057392117916,
1645736880.692241,3665,3594.75,495.75,2.6299556396765835,395,0.816496580927726,580,1.632993161855452,397.25,0.5,288.25,1.2583057392117916,
1645736887.213892,3686,3613.75,504,2.160246899469287,400.5,1.9148542155126762,586.75,2.217355782608345,403.25,1.5,290.75,0.9574271077563381,
1645736893.736078,3707,3634,511.75,2.6299556396765835,407.25,0.9574271077563381,593.75,0.9574271077563381,407.75,1.2583057392117916,294.75,0.9574271077563381,
1645736900.256227,3728,3654.25,520.5,1.9148542155126762,414.75,1.5,602.25,2.217355782608345,413.25,1.2583057392117916,298.75,1.2583057392117916,
1645736906.778632,3749,3674.5,527.75,1.2583057392117916,420.75,1.5,608.25,2.0615528128088303,418.25,0.5,302.75,0.5,
1645736913.300154,3770,3694.75,534.75,0.9574271077563381,427.25,2.0615528128088303,616.25,0.5,422.75,1.2583057392117916,305.25,1.5,
1645736919.821816,3791,3715,541.5,1.0,432.5,1.9148542155126762,622.75,0.9574271077563381,428,0.0,308,0.816496580927726,
1645736926.341993,3812,3735,549,0.816496580927726,438.75,1.5,629.25,2.0615528128088303,432.75,0.5,312.25,0.5,
1645736932.862215,3833,3755.5,557.5,1.2909944487358056,445,0.816496580927726,638,2.449489742783178,437.5,0.5773502691896257,315.25,1.2583057392117916,
1645736939.38266,3854,3775,565.25,1.707825127659933,451.5,1.2909944487358056,645,1.1547005383792515,442.25,2.0615528128088303,318.5,1.9148542155126762,
1645736945.899325,3875,3795,571.75,2.5,457,1.4142135623730951,650.5,2.3804761428476167,448,1.8257418583505538,322,1.8257418583505538,
1645736952.42197,3925,3842.5,589.5,1.2909944487358056,474,1.4142135623730951,666.25,1.5,458.75,0.5,330.5,0.5773502691896257,
1645736958.942538,3875,3795.5,570.25,0.9574271077563381,458,2.309401076758503,650.75,2.6299556396765835,447.75,2.217355782608345,321.75,0.5,
1645736965.464338,3854,3775.25,564.5,1.7320508075688772,451,1.1547005383792515,643,1.1547005383792515,442.5,2.6457513110645907,319.25,0.5,
1645736971.986568,3833,3755,556.5,1.2909944487358056,445.75,1.5,637,1.8257418583505538,438.75,1.8929694486000912,315.5,1.2909944487358056,
1645736978.509132,3812,3735.5,550,2.160246899469287,438,1.4142135623730951,630.75,2.0615528128088303,434.25,0.9574271077563381,313.25,0.9574271077563381,
1645736985.028291,3791,3714.25,541.25,0.5,432.25,1.5,623.25,1.2583057392117916,427.25,0.9574271077563381,309.25,0.9574271077563381,
1645736991.551111,3770,3696.25,534.25,1.2583057392117916,427,1.1547005383792515,615.75,0.5,422.5,1.0,303.5,1.9148542155126762,
1645736998.073117,3749,3675,527,2.160246899469287,420.25,1.8929694486000912,608.25,2.0615528128088303,417.75,1.2583057392117916,301.75,0.9574271077563381,
1645737004.595562,3728,3654.75,520.5,1.0,413.5,1.2909944487358056,600.25,2.0615528128088303,414.5,0.5773502691896257,299.25,0.9574271077563381,
1645737011.116901,3707,3634.5,512.25,0.9574271077563381,407,0.816496580927726,591.75,0.9574271077563381,408.25,1.707825127659933,294.75,0.5,
1645737017.638225,3686,3614.5,504,0.0,399.25,0.5,585.5,1.2909944487358056,401.25,1.5,291,0.816496580927726,
1645737024.157972,3665,3594.25,495.75,2.5,394.25,0.9574271077563381,578.5,1.2909944487358056,397.75,0.9574271077563381,287,0.816496580927726,
1645737030.67845,3644,3573.5,488.75,0.9574271077563381,388,1.1547005383792515,572.5,2.6457513110645907,393.75,1.2583057392117916,283.5,1.0,
1645737037.195386,3623,3552.75,479,1.4142135623730951,382,0.816496580927726,563.75,1.2583057392117916,386,1.8257418583505538,280,0.816496580927726,
1645737043.713853,3602,3533.75,472,1.632993161855452,374,1.1547005383792515,556.75,2.362907813126304,382.25,0.9574271077563381,277.25,0.5,
1645737050.236155,3581,3513.75,462.75,0.9574271077563381,367.5,0.5773502691896257,548.5,0.5773502691896257,377,1.632993161855452,273,1.1547005383792515,
1645737056.757473,3560,3493.75,457.75,0.9574271077563381,361,0.816496580927726,539.5,1.2909944487358056,372,2.160246899469287,268,1.8257418583505538,
1645737063.278593,3539,3473,447.25,0.5,354,1.4142135623730951,532.25,0.5,367.75,1.2583057392117916,265,1.4142135623730951,
1645737069.801218,3518,3452.75,440.5,1.9148542155126762,347.25,2.0615528128088303,526.25,1.2583057392117916,362.5,0.5773502691896257,262.5,0.5773502691896257,
1645737076.323299,3497,3432.75,430.75,0.5,341.25,1.2583057392117916,517.75,0.9574271077563381,356,0.816496580927726,258.75,1.2583057392117916,
1645737082.842813,3476,3412.25,425.25,1.2583057392117916,335.5,0.5773502691896257,509,2.160246899469287,351,0.816496580927726,256,1.4142135623730951,
1645737089.362139,3455,3392.25,416.25,2.217355782608345,327.25,0.9574271077563381,503.25,1.5,346,2.160246899469287,251.75,0.9574271077563381,
1645737095.884439,3434,3373.25,409,1.632993161855452,322,1.8257418583505538,494.25,2.217355782608345,340.5,0.5773502691896257,247.75,0.5,
1645737102.406966,3413,3352.5,401.75,1.707825127659933,315.5,1.2909944487358056,486.75,2.217355782608345,334.5,1.9148542155126762,243.5,0.5773502691896257,
1645737108.928381,3392,3333,392,0.816496580927726,307.75,0.5,478.5,1.9148542155126762,328.5,1.2909944487358056,239.5,1.2909944487358056,
1645737115.447664,3371,3313.25,385.5,0.5773502691896257,301.75,0.9574271077563381,469.75,0.5,323,0.816496580927726,236.75,1.707825127659933,
1645737121.967014,3350,3291.75,377,1.1547005383792515,296,1.8257418583505538,462,2.0,318.5,0.5773502691896257,232.5,1.0,
1645737128.488316,3329,3271.25,368.25,1.8929694486000912,288,1.8257418583505538,453.75,0.9574271077563381,313,0.816496580927726,228.25,0.5,
1645737135.007018,3308,3252,361.25,1.5,282.5,1.2909944487358056,445.25,2.217355782608345,307.5,1.0,225.25,1.2583057392117916,
1645737141.528202,3287,3232,352,0.816496580927726,277.75,1.5,439,0.816496580927726,302.5,0.5773502691896257,222,0.0,
1645737148.04793,3266,3211.75,345.75,2.217355782608345,271.25,1.2583057392117916,430.75,1.2583057392117916,294.75,1.2583057392117916,216.75,1.2583057392117916,
1645737154.569218,3245,3191.5,339,0.816496580927726,265,1.4142135623730951,421,2.449489742783178,291.5,1.0,213.25,0.9574271077563381,
1645737161.089378,3224,3171,331.25,0.9574271077563381,259.5,0.5773502691896257,414.25,0.9574271077563381,284.5,1.0,209.5,0.5773502691896257,
1645737167.610939,3203,3152,323.25,1.707825127659933,252.5,1.9148542155126762,405.5,1.7320508075688772,279.75,1.707825127659933,205,0.816496580927726,
1645737174.130775,3182,3131,316.75,0.9574271077563381,247.75,0.5,399.75,2.217355782608345,274.25,1.707825127659933,201.5,0.5773502691896257,
1645737180.652892,3161,3111.75,309.25,0.5,242.5,0.5773502691896257,390.5,0.5773502691896257,268,0.816496580927726,198.5,1.2909944487358056,
1645737187.175082,3140,3091,302,1.4142135623730951,236.5,1.7320508075688772,382.5,1.0,264,0.816496580927726,194.5,0.5773502691896257,
1645737193.696184,3119,3070.75,295.5,1.7320508075688772,232,1.4142135623730951,375.5,1.7320508075688772,259.5,1.0,190,0.816496580927726,
1645737200.219058,3098,3050.5,290,0.816496580927726,228,0.816496580927726,368.25,0.9574271077563381,252.75,0.9574271077563381,186,1.4142135623730951,
1645737206.741423,3077,3030,284.25,1.2583057392117916,222.5,1.0,361.25,0.9574271077563381,248.25,0.5,183,0.816496580927726,
1645737213.260008,3056,3010.75,279.75,1.5,217.5,0.5773502691896257,352.25,2.0615528128088303,242.75,0.5,178.75,1.707825127659933,
1645737219.782473,3035,2991,273,1.8257418583505538,214,1.4142135623730951,345.25,0.9574271077563381,236.5,1.0,175,0.816496580927726,
1645737226.304712,3014,2971,268.5,2.6457513110645907,210.25,0.9574271077563381,338,1.632993161855452,232.25,0.9574271077563381,172.25,1.2583057392117916,
1645737232.827007,2993,2950.5,263,1.1547005383792515,206.5,2.3804761428476167,331.25,0.5,227,1.4142135623730951,167.75,1.2583057392117916,
1645737239.349262,2972,2930.5,258,2.0,201.75,0.9574271077563381,327,0.0,223.25,0.5,164,0.816496580927726,
1645737245.871077,2951,2910.25,252.5,1.2909944487358056,199.25,1.707825127659933,318.5,2.3804761428476167,216.75,0.9574271077563381,160.5,1.7320508075688772,
1645737252.393019,2930,2890.5,249.25,1.8929694486000912,196.25,0.9574271077563381,313.25,0.9574271077563381,213.5,0.5773502691896257,157.5,0.5773502691896257,
1645737258.913562,2909,2870.25,247.5,0.5773502691896257,194.75,0.5,305.75,2.0615528128088303,207.5,2.0816659994661326,155,0.816496580927726,
1645737265.433294,2888,2850.25,243.25,1.8929694486000912,192.5,1.2909944487358056,300.5,1.7320508075688772,204.5,1.0,151.5,1.0,
1645737271.956374,2867,2828.75,242.5,1.2909944487358056,190.25,0.5,297,0.816496580927726,199.25,0.9574271077563381,147.25,0.9574271077563381,
1645737278.480194,2846,2809.75,238.75,1.5,189,0.0,291.5,0.5773502691896257,196.25,0.5,144.25,1.707825127659933,
1645737285.002071,2825,2789,236.5,1.9148542155126762,188.25,0.5,285.5,1.2909944487358056,192.25,1.2583057392117916,141,0.816496580927726,
1645737291.520676,2804,2768.75,235,0.816496580927726,187.25,0.5,281.25,0.5,187.75,0.5,138.25,1.707825127659933,
1645737298.042158,2783,2749.25,234,1.4142135623730951,186.25,1.5,276.75,1.707825127659933,185,0.0,134.5,1.7320508075688772,
1645737304.562197,2762,2728.75,233.5,1.2909944487358056,186.5,1.7320508075688772,274,2.0,180.5,1.0,132.5,1.2909944487358056,
1645737311.084643,2741,2708,233.25,0.9574271077563381,187,1.4142135623730951,270.25,0.9574271077563381,177.5,1.0,131,0.0,
1645737317.607561,2720,2689,232.5,1.9148542155126762,187.75,0.9574271077563381,266.25,1.2583057392117916,176.5,1.0,128.5,1.0,
1645737324.126548,2699,2667.25,232.75,1.8929694486000912,187.25,0.9574271077563381,263.75,0.5,172,0.816496580927726,124.75,0.9574271077563381,
1645737330.649144,2678,2648.25,234.25,1.2583057392117916,190,1.1547005383792515,260.75,0.5,169.25,1.5,123.25,0.9574271077563381,
1645737337.171888,2657,2627.5,236,0.816496580927726,189.5,1.0,259,1.1547005383792515,168.25,0.9574271077563381,121.5,0.5773502691896257,
1645737343.695013,2636,2608.25,238.25,0.9574271077563381,192,1.632993161855452,256,0.816496580927726,166.75,0.9574271077563381,118.75,0.5,
1645737350.21452,2615,2587.5,239.5,1.2909944487358056,195,0.816496580927726,255,0.816496580927726,163.25,1.5,117.75,0.5,
1645737356.730868,2594,2567.5,240.5,2.0816659994661326,196.5,0.5773502691896257,253,1.8257418583505538,162,0.816496580927726,115.25,0.9574271077563381,
1645737363.250702,2573,2547.5,242.75,1.707825127659933,198.25,1.2583057392117916,252.5,0.5773502691896257,160.5,1.9148542155126762,115,0.816496580927726,
1645737369.773471,2552,2527.5,246.25,0.9574271077563381,200.75,2.9860788111948193,251.5,0.5773502691896257,159.25,1.5,114,0.816496580927726,
1645737376.295796,2531,2506.5,250,1.4142135623730951,204.75,0.9574271077563381,251.5,1.2909944487358056,158.5,1.2909944487358056,112.25,0.9574271077563381,
1645737382.818186,2510,2487.25,252.25,0.9574271077563381,208.5,1.0,250.5,1.2909944487358056,158.25,0.5,111,1.4142135623730951,
1645737389.340451,2489,2467.5,257,1.8257418583505538,212.5,0.5773502691896257,250.75,0.5,157,1.8257418583505538,110,1.1547005383792515,
1645737395.861283,2468,2446.75,262.5,1.2909944487358056,215.25,1.2583057392117916,250,0.816496580927726,158.5,0.5773502691896257,109,1.8257418583505538,
1645737402.381528,2447,2426.25,265,1.632993161855452,220,0.816496580927726,252,0.816496580927726,158,1.4142135623730951,108.5,1.0,
1645737408.902674,2426,2406,269.75,0.9574271077563381,223.5,1.7320508075688772,252.25,0.9574271077563381,158,0.816496580927726,108.75,0.5,
1645737415.425751,2405,2386.75,275,1.8257418583505538,228,1.4142135623730951,252.5,1.2909944487358056,158.25,0.9574271077563381,108.75,0.9574271077563381,
1645737421.948743,2384,2366.75,279.5,1.2909944487358056,232.75,1.2583057392117916,254.5,1.0,159.75,0.5,108.5,0.5773502691896257,
1645737428.470891,2363,2345.75,285.25,1.707825127659933,238.25,0.9574271077563381,255.25,0.9574271077563381,161,1.4142135623730951,108.25,0.5,
1645737434.989571,2342,2326,292,0.816496580927726,243.25,0.9574271077563381,257.5,0.5773502691896257,163,0.816496580927726,108.25,0.9574271077563381,
1645737441.510107,2321,2306,297.25,1.707825127659933,247.75,1.2583057392117916,259.25,1.707825127659933,163.25,0.9574271077563381,108.75,0.9574271077563381,
1645737448.032547,2300,2285.5,303.75,0.9574271077563381,253,0.816496580927726,261,1.4142135623730951,165.5,1.2909944487358056,109.75,0.9574271077563381,
1645737454.55701,2279,2265,309.75,0.9574271077563381,258.5,1.0,263.5,0.5773502691896257,167.5,1.2909944487358056,112.25,0.5,
1645737461.078461,2258,2245.75,316.5,1.2909944487358056,264.75,1.5,265.75,0.9574271077563381,171,0.816496580927726,111.5,0.5773502691896257,
1645737467.596628,2237,2225.25,321.75,0.9574271077563381,268.75,0.5,267.75,1.2583057392117916,172.5,0.5773502691896257,113.75,0.9574271077563381,
1645737474.118239,2216,2206.25,329.25,1.8929694486000912,274.5,1.0,271,0.816496580927726,175,2.160246899469287,114,0.816496580927726,
1645737480.640518,2195,2185.25,335,0.816496580927726,280.25,1.5,274.75,1.707825127659933,178,1.632993161855452,116,1.4142135623730951,
1645737487.162531,2174,2164.5,342.5,1.2909944487358056,287.25,0.9574271077563381,277.75,0.9574271077563381,181,1.4142135623730951,117.25,0.5,
1645737493.684144,2153,2145.5,348.75,2.0615528128088303,294,1.4142135623730951,282,1.1547005383792515,183.5,1.0,118.75,1.707825127659933,
1645737500.206627,2132,2124.75,355,1.4142135623730951,299.75,0.5,286,1.632993161855452,187.75,0.5,120.5,1.2909944487358056,
1645737506.727672,2111,2103.5,364.75,0.9574271077563381,305,2.449489742783178,291.5,1.2909944487358056,190,0.816496580927726,122.5,0.5773502691896257,
1645737513.249552,2090,2084.5,370,1.4142135623730951,310.75,1.707825127659933,295.5,1.2909944487358056,193.5,1.0,124.25,0.5,
1645737519.771494,2069,2063.75,377.5,1.9148542155126762,317,1.4142135623730951,299.5,1.7320508075688772,198.25,1.707825127659933,126.5,1.0,
1645737526.293286,2048,2044.25,383.25,2.0615528128088303,323,2.943920288775949,305.25,0.9574271077563381,201.25,0.9574271077563381,128.5,0.5773502691896257,
1645737532.815267,2027,2023.75,391.75,2.362907813126304,330.25,1.707825127659933,309.25,0.9574271077563381,205.25,0.9574271077563381,131.5,1.2909944487358056,
1645737539.334926,2006,2003.75,401.5,0.5773502691896257,336.5,1.7320508075688772,315.25,1.5,209,1.632993161855452,133,1.1547005383792515,
1645737545.854352,1985,1983.25,407.25,1.707825127659933,341.75,0.9574271077563381,320.75,0.9574271077563381,212.25,1.5,135.25,0.9574271077563381,
1645737552.376166,1964,1963.5,413.75,1.8929694486000912,348.5,1.0,326,0.816496580927726,218,1.632993161855452,139,0.816496580927726,
1645737558.896832,1943,1942.75,423.5,1.2909944487358056,355.25,0.9574271077563381,332.75,0.9574271077563381,221.5,1.9148542155126762,141.25,0.9574271077563381,
1645737565.418575,1922,1923.25,428.25,2.0615528128088303,359,2.0,338.5,1.2909944487358056,225.25,2.0615528128088303,143.75,2.0615528128088303,
1645737571.940313,1901,1903.25,434,1.8257418583505538,366,0.816496580927726,345,2.8284271247461903,231,1.8257418583505538,146,1.1547005383792515,
1645737578.456896,1880,1881.5,444.5,1.0,371.5,2.0816659994661326,350.75,0.5,234.25,1.707825127659933,148.5,1.7320508075688772,
1645737584.978631,1859,1862.25,450.75,2.217355782608345,379.5,2.6457513110645907,358,1.8257418583505538,239.25,1.2583057392117916,152.75,0.9574271077563381,
1645737591.500829,1838,1843,459.25,0.9574271077563381,385,1.1547005383792515,364.5,1.0,242.5,1.2909944487358056,155.25,1.2583057392117916,
1645737598.023319,1817,1822.25,466.5,2.6457513110645907,390.5,1.7320508075688772,372,1.8257418583505538,248,1.1547005383792515,158.25,1.707825127659933,
1645737604.544572,1796,1802.25,473.75,1.707825127659933,396.5,0.5773502691896257,378,1.4142135623730951,254,0.816496580927726,162.5,1.0,
1645737611.066776,1775,1782,481,1.632993161855452,405.25,1.2583057392117916,384.75,1.5,257.75,0.5,164.5,1.2909944487358056,
1645737617.589443,1754,1762.25,489.5,1.0,409.5,0.5773502691896257,393.25,0.5,262.75,0.9574271077563381,169,0.816496580927726,
1645737624.110259,1733,1742.5,496.75,1.5,416.75,1.8929694486000912,399.5,1.2909944487358056,267,0.816496580927726,171.75,0.5,
1645737630.632839,1712,1721.5,503.75,2.753785273643051,422,1.8257418583505538,407.5,1.2909944487358056,271.5,0.5773502691896257,174.75,1.2583057392117916,
1645737637.152557,1691,1702,509.75,1.5,427.25,1.707825127659933,415.5,1.7320508075688772,276.25,1.8929694486000912,177.5,1.9148542155126762,
1645737643.674102,1670,1681.5,517,3.1622776601683795,434.5,2.6457513110645907,422.75,0.9574271077563381,281,0.816496580927726,181.25,0.9574271077563381,
1645737650.197935,1649,1662.25,525,3.1622776601683795,439,2.160246899469287,430.5,1.2909944487358056,287.25,0.9574271077563381,184.75,0.5,
1645737656.719509,1628,1641.5,533,1.4142135623730951,444.5,1.0,436,1.1547005383792515,291.75,1.5,188.5,1.2909944487358056,
1645737663.240967,1607,1621.25,538.25,1.5,451.75,0.9574271077563381,444,0.816496580927726,296.5,1.2909944487358056,191.25,0.9574271077563381,
1645737669.758824,1586,1600.75,545.75,0.9574271077563381,457,1.4142135623730951,453.5,1.2909944487358056,302,1.1547005383792515,194.75,1.2583057392117916,
1645737676.283883,1565,1580.75,553.75,2.0615528128088303,462,1.4142135623730951,460.25,2.217355782608345,305.5,1.0,198.5,1.2909944487358056,
1645737682.805825,1544,1560.5,564,1.1547005383792515,467,0.816496580927726,467,2.449489742783178,311.5,1.2909944487358056,202.75,0.9574271077563381,
1645737689.327478,1523,1540.5,568.5,3.0,474.25,3.8622100754188224,476.25,0.5,316.5,3.0,204.75,1.2583057392117916,
1645737695.849336,1502,1520.5,575.25,0.5,482,1.632993161855452,481.25,0.9574271077563381,320.75,0.5,209,0.816496580927726,
1645737702.372133,1481,1500,582.75,2.217355782608345,485.75,2.6299556396765835,490.5,1.0,325.5,1.2909944487358056,211.5,2.516611478423583,
1645737708.89449,1460,1480,589.25,1.5,492.25,2.9860788111948193,498,1.4142135623730951,330.25,1.5,216,2.160246899469287,
1645737715.416219,1439,1460,594.75,3.5,497.25,1.5,506.75,1.8929694486000912,336.5,1.2909944487358056,218.25,0.9574271077563381,
1645737721.938212,1418,1440.25,603.75,3.304037933599835,502.75,3.2015621187164243,514.75,0.9574271077563381,342,1.4142135623730951,223.5,1.0,
1645737728.457215,1397,1419.5,610.75,2.217355782608345,509.25,2.6299556396765835,521.5,2.516611478423583,348,1.1547005383792515,227,1.4142135623730951,
1645737734.975835,1376,1399.25,618,1.4142135623730951,515,0.816496580927726,529,2.160246899469287,352.25,1.2583057392117916,231.25,0.9574271077563381,
1645737741.497976,1355,1379.25,623.75,2.6299556396765835,518.25,1.2583057392117916,536.5,1.9148542155126762,357.25,0.5,234.5,0.5773502691896257,
1645737748.018355,1334,1359,631.25,3.593976442141304,525.5,3.1091263510296048,543.25,1.2583057392117916,362.25,0.9574271077563381,237.5,1.9148542155126762,
1645737754.540708,1313,1339.75,637,0.816496580927726,530.5,2.6457513110645907,550,1.4142135623730951,367.75,1.5,241.75,0.9574271077563381,
1645737761.064102,1292,1318.75,643.75,1.5,536.5,1.7320508075688772,559.25,1.5,372.75,0.5,243.25,1.707825127659933,
1645737767.585113,1271,1299.75,651,2.160246899469287,542.5,1.7320508075688772,566.75,1.8929694486000912,375.75,2.0615528128088303,248.5,1.2909944487358056,
1645737774.106674,1250,1278.75,656.5,1.0,548,1.4142135623730951,572,2.160246899469287,380.25,2.362907813126304,252.5,0.5773502691896257,
1645737780.62923,1229,1258.5,663.5,0.5773502691896257,551,1.1547005383792515,581.25,1.8929694486000912,386.5,2.3804761428476167,255.25,1.707825127659933,
1645737787.151719,1208,1237.75,668.5,1.7320508075688772,557.75,2.362907813126304,586.25,1.5,391.75,0.9574271077563381,257.5,1.2909944487358056,
1645737793.673019,1187,1219,676.75,1.707825127659933,564.25,0.9574271077563381,595.25,1.5,397.75,1.707825127659933,262.25,1.2583057392117916,
1645737800.192875,1166,1197.75,681,3.265986323710904,567.5,1.9148542155126762,603.25,2.217355782608345,400,0.816496580927726,265.25,2.217355782608345,
1645737806.714311,1145,1179.25,689,3.366501646120693,575.5,3.3166247903554,611.75,1.2583057392117916,406.5,1.2909944487358056,269.25,0.9574271077563381,
1645737813.233904,1124,1158.25,695.25,1.8929694486000912,580,2.160246899469287,614.75,2.217355782608345,411,0.0,272,2.0,
1645737819.754804,1103,1138,700.75,1.707825127659933,585.5,1.0,623.5,1.2909944487358056,415.5,1.0,277.25,1.707825127659933,
1645737826.274913,1082,1117.25,705.75,2.6299556396765835,590.25,1.8929694486000912,628.25,2.0615528128088303,420,1.8257418583505538,280.25,2.217355782608345,
1645737832.795505,1061,1097.75,713,1.8257418583505538,593.5,1.2909944487358056,638.75,1.8929694486000912,424,2.449489742783178,283.75,1.8929694486000912,
1645737839.314889,1040,1077.5,720.5,2.6457513110645907,599.25,1.2583057392117916,644.5,1.0,430,0.816496580927726,286.25,0.9574271077563381,
1645737845.836955,1019,1057.25,724.5,3.1091263510296048,606.25,3.095695936834452,650.5,1.7320508075688772,435.75,1.707825127659933,290.75,1.707825127659933,
1645737852.360007,998,1037.25,730.75,2.9860788111948193,610.5,1.9148542155126762,659,1.632993161855452,440.25,0.9574271077563381,293.75,1.2583057392117916,
1645737858.882351,977,1017.25,738.5,3.872983346207417,614,2.581988897471611,666,1.8257418583505538,443.75,2.6299556396765835,297.5,1.2909944487358056,
1645737865.404754,956,997,744.75,2.6299556396765835,621.5,3.3166247903554,672,2.160246899469287,450.5,2.516611478423583,301.25,1.5,
1645737871.926784,935,977.25,750.75,2.8722813232690143,624.25,2.6299556396765835,678.5,1.7320508075688772,453.75,0.9574271077563381,304,3.1622776601683795,
1645737878.44964,914,956.75,756.25,2.5,628.75,3.095695936834452,686.25,1.2583057392117916,457.75,1.707825127659933,307.5,1.2909944487358056,
1645737884.972318,893,937.25,761.25,2.8722813232690143,634.5,1.0,691.75,2.6299556396765835,461.75,0.9574271077563381,310.25,1.8929694486000912,
1645737891.495348,872,916.75,767.25,1.5,637.5,0.5773502691896257,696,1.4142135623730951,466.75,1.2583057392117916,316,0.0,
1645737898.017934,851,896,773.75,2.5,643.25,0.9574271077563381,703.5,1.9148542155126762,472.75,2.362907813126304,317.5,1.0,
1645737904.535146,830,877.5,777.5,1.2909944487358056,650.75,2.217355782608345,710.75,3.593976442141304,476.25,2.217355782608345,320.75,1.8929694486000912,
1645737911.058776,809,856.25,783.75,3.5,654.75,1.5,716.5,2.3804761428476167,480.5,1.0,323.25,0.9574271077563381,
1645737917.578408,788,836.25,789.75,1.707825127659933,660,3.8297084310253524,722.25,2.9860788111948193,484.75,1.707825127659933,327,2.160246899469287,
1645737924.09765,767,816,796,1.8257418583505538,664.25,0.5,730,2.160246899469287,490,2.70801280154532,329.75,1.8929694486000912,
1645737930.62058,746,795.25,800.25,2.6299556396765835,667,0.816496580927726,735,2.943920288775949,492.75,2.8722813232690143,333.75,1.2583057392117916,
1645737937.143329,725,776,808.75,1.707825127659933,673.75,2.9860788111948193,740.5,2.6457513110645907,499.25,0.9574271077563381,338.75,1.5,
1645737943.665899,704,755.75,809,1.4142135623730951,678.75,1.5,747.75,2.0615528128088303,503,1.632993161855452,341.5,1.2909944487358056,
1645737950.188208,683,735.75,817.25,0.9574271077563381,682,1.4142135623730951,754,3.1622776601683795,508,0.816496580927726,344,1.8257418583505538,
1645737956.710106,662,715,820.75,2.217355782608345,687.25,1.8929694486000912,760,3.9157800414902435,513,2.160246899469287,347.5,2.0816659994661326,
1645737963.230968,641,695.25,828,3.1622776601683795,691.75,2.0615528128088303,766.75,1.8929694486000912,516,3.1622776601683795,350,1.632993161855452,
1645737969.75226,620,675.5,832.5,3.1091263510296048,695.5,1.2909944487358056,772.25,2.9860788111948193,520.25,2.8722813232690143,354.75,1.2583057392117916,
1645737976.274778,599,655,840.25,1.2583057392117916,700.25,1.5,776.75,1.8929694486000912,524.25,2.5,357,0.816496580927726,
1645737982.795263,578,635,843.75,3.304037933599835,703,1.4142135623730951,785.25,1.2583057392117916,528.75,1.5,361.5,1.2909944487358056,
1645737989.317547,557,615,852.25,0.5,709.5,1.7320508075688772,790.5,1.9148542155126762,531.5,3.1091263510296048,363.25,0.9574271077563381,
1645737995.837723,536,594,851.5,3.1091263510296048,714.75,2.9860788111948193,794.75,1.5,539.5,0.5773502691896257,365.25,1.5,
1645738002.360642,515,574.25,860.5,1.9148542155126762,718.25,2.0615528128088303,800,1.632993161855452,541.25,2.217355782608345,367.25,1.707825127659933,
1645738008.881762,494,554.75,864.25,2.217355782608345,720,2.581988897471611,804.75,4.112987559751022,546,1.632993161855452,371,2.581988897471611,
1645738015.403038,473,533.75,868.5,2.6457513110645907,727.25,2.6299556396765835,811.5,1.2909944487358056,549.25,2.362907813126304,376,2.160246899469287,
1645738021.924316,452,514.25,874.5,3.415650255319866,729.5,1.2909944487358056,818.5,2.0816659994661326,554.5,1.0,378,1.632993161855452,
1645738028.446443,431,493.75,880.25,4.193248541803041,737.5,4.123105625617661,823.75,2.753785273643051,557.25,1.8929694486000912,381.5,2.0816659994661326,
1645738034.967324,410,473.75,884.75,2.217355782608345,740.5,3.1091263510296048,829,2.943920288775949,562.5,3.1091263510296048,384.25,1.707825127659933,
1645738041.489826,389,453,889.5,3.1091263510296048,744.25,2.0615528128088303,833.5,4.203173404306164,565.5,1.9148542155126762,387.5,1.2909944487358056,
1645738048.011343,368,432.5,894.5,1.2909944487358056,748,2.160246899469287,839.75,2.217355782608345,568,3.265986323710904,389.75,2.217355782608345,
1645738054.532977,347,413,900.25,4.112987559751022,752.25,4.924428900898052,845.75,2.753785273643051,572.75,2.753785273643051,394,1.8257418583505538,
1645738061.055514,326,393.75,905.25,2.8722813232690143,757.75,0.9574271077563381,851,1.4142135623730951,577,3.366501646120693,397.25,1.707825127659933,
1645738067.578074,305,373.25,909.5,1.2909944487358056,763.5,3.3166247903554,856.75,1.707825127659933,581.25,1.707825127659933,399.75,0.9574271077563381,
1645738074.100899,284,352.25,913.75,4.193248541803041,767,2.160246899469287,861.75,2.5,583.75,3.095695936834452,401.75,1.707825127659933,
1645738080.622702,263,333.5,920.25,5.188127472091127,770.75,2.217355782608345,864.25,1.2583057392117916,589,1.4142135623730951,402,1.4142135623730951,
1645738087.144909,242,312.5,927.25,3.774917217635375,775.5,1.7320508075688772,867.25,1.2583057392117916,593.25,2.0615528128088303,408.25,1.707825127659933,
1645738093.664739,221,292.25,928,2.943920288775949,777,2.70801280154532,875.75,4.031128874149275,596.75,2.362907813126304,409.5,2.3804761428476167,
1645738100.186902,171,244.5,944.25,1.2583057392117916,790,1.8257418583505538,889.75,1.5,605.75,1.2583057392117916,416.25,2.6299556396765835,
1645738106.708441,221,293.25,931.25,2.362907813126304,779,2.943920288775949,878.5,1.2909944487358056,597.5,1.9148542155126762,410.5,1.2909944487358056,
1645738113.226448,242,313.75,922.25,2.9860788111948193,769.5,1.7320508075688772,872.25,3.2015621187164243,591.75,1.5,407.75,0.9574271077563381,
1645738119.746943,263,333.25,919.75,4.425306015783918,769.5,2.6457513110645907,867.25,1.5,589.25,2.0615528128088303,403.75,0.5,
1645738126.268495,284,352.75,918.25,1.707825127659933,765.25,3.304037933599835,859,2.943920288775949,585.5,1.0,401,2.0,
1645738132.7904,305,374,908,2.943920288775949,760,1.1547005383792515,854,2.581988897471611,580.25,2.6299556396765835,400,1.632993161855452,
1645738139.31273,326,392.5,904.25,0.9574271077563381,756.75,2.0615528128088303,850.5,2.886751345948129,576.5,2.6457513110645907,396,2.0,
1645738145.835305,347,414.25,899.5,3.872983346207417,751.5,1.9148542155126762,845,1.1547005383792515,573.5,1.9148542155126762,391.75,0.9574271077563381,
1645738152.353579,368,433.75,895,2.581988897471611,749.5,3.1091263510296048,837.5,1.0,570,1.632993161855452,388.5,1.0,
1645738158.876093,389,454.25,889.75,2.0615528128088303,742.5,3.3166247903554,831.75,1.707825127659933,563.75,2.6299556396765835,386,2.160246899469287,
1645738165.396872,410,473,886.25,2.217355782608345,739,0.816496580927726,827.75,0.9574271077563381,558.75,3.304037933599835,384.5,0.5773502691896257,
1645738171.919043,431,494,879.75,2.0615528128088303,734.25,0.9574271077563381,821.25,1.8929694486000912,557,3.366501646120693,380.25,2.217355782608345,
1645738178.44139,452,513.75,872.5,2.516611478423583,734,1.4142135623730951,816.25,2.753785273643051,553.25,1.2583057392117916,376,0.816496580927726,
1645738184.960271,473,534,869,3.1622776601683795,725,0.816496580927726,812.75,2.6299556396765835,549.25,1.2583057392117916,374.5,2.516611478423583,
1645738191.482521,494,554.75,866,2.160246899469287,720.5,3.3166247903554,804.75,3.8622100754188224,544.25,1.2583057392117916,372.25,0.9574271077563381,
1645738198.003524,515,574.75,856,1.1547005383792515,716.25,2.8722813232690143,800.75,1.707825127659933,540.75,1.2583057392117916,369.75,1.2583057392117916,
1645738204.523339,536,594.25,852.75,2.0615528128088303,713.75,3.774917217635375,793.75,1.707825127659933,536,2.70801280154532,365.25,0.9574271077563381,
1645738211.044179,557,614.75,847.5,3.1091263510296048,709.5,3.0,786,1.8257418583505538,531.75,1.5,361.75,0.9574271077563381,
1645738217.561697,578,635.25,842.75,3.2015621187164243,706,3.1622776601683795,780.75,1.2583057392117916,527,3.6514837167011076,359.25,2.362907813126304,
1645738224.083418,599,654.75,837.25,0.9574271077563381,700,2.943920288775949,774.25,0.5,522.75,0.9574271077563381,357,0.816496580927726,
1645738230.600715,620,675.25,833,2.160246899469287,695,3.7416573867739413,768.5,2.886751345948129,517.75,2.0615528128088303,351.75,1.707825127659933,
1645738237.121666,641,696,825.75,5.560275772537426,691,2.309401076758503,762.75,2.362907813126304,514.25,2.9860788111948193,348.75,2.6299556396765835,
1645738243.642321,662,714.75,819.5,1.7320508075688772,686.75,0.9574271077563381,756.5,1.2909944487358056,510.25,1.2583057392117916,345.25,1.5,
1645738250.163571,683,734.75,815,2.943920288775949,679.5,3.696845502136472,752,2.160246899469287,508,0.816496580927726,344.5,1.7320508075688772,
1645738256.683058,704,755.5,808.75,1.5,677.25,2.6299556396765835,744.5,1.2909944487358056,502,0.816496580927726,340.5,1.2909944487358056,
1645738263.20521,725,776.25,804.25,2.6299556396765835,670.5,1.2909944487358056,739.75,2.5,497.5,1.0,336.25,2.753785273643051,
1645738269.727626,746,795.75,797.5,2.886751345948129,668.5,3.696845502136472,731.25,0.9574271077563381,493.5,1.2909944487358056,333.25,2.217355782608345,
1645738276.249062,767,816,793.5,2.6457513110645907,662,2.449489742783178,727.5,2.3804761428476167,488,1.4142135623730951,331.5,1.2909944487358056,
1645738282.771726,788,836.75,786,1.4142135623730951,657,1.4142135623730951,718,0.816496580927726,484.5,0.5773502691896257,327,1.4142135623730951,
1645738289.294782,809,855.75,781.5,1.2909944487358056,654.75,1.2583057392117916,715.5,2.0816659994661326,480.75,2.217355782608345,324,1.4142135623730951,
1645738295.812603,830,876.75,777.25,3.8622100754188224,648,0.816496580927726,708,2.0,476.25,1.2583057392117916,319.5,1.9148542155126762,
1645738302.333731,851,897,770,1.4142135623730951,644,2.8284271247461903,700.5,0.5773502691896257,471,0.816496580927726,318.25,2.217355782608345,
1645738308.856238,872,917.5,765,2.309401076758503,639,3.1622776601683795,694.25,1.707825127659933,467.5,2.6457513110645907,314.5,1.2909944487358056,
1645738315.378184,893,937.25,755.5,1.0,633.5,1.7320508075688772,687.5,4.041451884327381,463,1.8257418583505538,310.5,1.2909944487358056,
1645738321.899473,914,957,751.75,2.9860788111948193,626.5,3.696845502136472,681.5,2.3804761428476167,457,1.8257418583505538,308,1.1547005383792515,
1645738328.420252,935,976.5,748,2.0,623.75,0.9574271077563381,676.25,1.2583057392117916,454,3.559026084010437,305,0.816496580927726,
1645738334.942308,956,997,741.75,2.217355782608345,618.75,2.6299556396765835,668.25,0.9574271077563381,447.75,1.707825127659933,301.75,0.9574271077563381,
1645738341.464599,977,1018.25,735.75,1.707825127659933,613.75,0.9574271077563381,661.75,2.217355782608345,443,2.160246899469287,296.25,2.0615528128088303,
1645738347.985368,998,1037,729.5,1.2909944487358056,607.75,2.217355782608345,654.5,3.415650255319866,439,0.816496580927726,295.5,1.9148542155126762,
1645738354.506243,1019,1056.25,724,2.449489742783178,605.75,2.217355782608345,646.25,0.9574271077563381,435.5,1.7320508075688772,289.75,1.2583057392117916,
1645738361.027545,1040,1077.5,718.25,2.0615528128088303,599.25,2.0615528128088303,639.5,2.0816659994661326,431,0.0,288,2.0,
1645738367.549523,1061,1097.5,710,1.632993161855452,591.75,0.9574271077563381,636.25,2.362907813126304,424.75,0.9574271077563381,282.75,0.9574271077563381,
1645738374.072265,1082,1118,704.25,1.707825127659933,586.5,4.932882862316247,628.5,3.0,420.25,0.5,281.5,1.2909944487358056,
1645738380.593987,1103,1138.25,697.5,1.2909944487358056,584,1.4142135623730951,622.25,2.217355782608345,414.25,1.707825127659933,277,1.1547005383792515,
1645738387.113389,1124,1157.5,691,1.4142135623730951,578.25,1.707825127659933,613.5,1.0,411.5,0.5773502691896257,272.75,0.5,
1645738393.637747,1145,1178.25,685,2.0,572,0.816496580927726,605,2.449489742783178,407,0.816496580927726,270,1.4142135623730951,
1645738400.159911,1166,1198.25,678,1.4142135623730951,566.75,1.8929694486000912,598.75,3.2015621187164243,399,1.4142135623730951,265,0.816496580927726,
1645738406.681529,1187,1218.5,674.5,3.0,561.75,2.217355782608345,592.25,0.9574271077563381,397,1.4142135623730951,263,0.816496580927726,
1645738413.200513,1208,1237.25,666.75,2.217355782608345,556,1.8257418583505538,585.25,2.362907813126304,392.25,0.9574271077563381,259,1.1547005383792515,
1645738419.722309,1229,1258.75,661.75,2.217355782608345,549,1.4142135623730951,578,1.1547005383792515,387.25,0.5,254,1.4142135623730951,
1645738426.243288,1250,1279,654.25,2.5,546.5,1.2909944487358056,570,1.4142135623730951,379.25,1.2583057392117916,252.25,0.5,
1645738432.764932,1271,1299.25,646,0.816496580927726,539.75,1.2583057392117916,562.5,1.7320508075688772,374.5,1.2909944487358056,247.75,1.707825127659933,
1645738439.284187,1292,1320,639.5,2.6457513110645907,536.25,1.5,555,0.816496580927726,371.75,0.9574271077563381,245.25,1.5,
1645738445.805136,1313,1338.75,632.75,2.6299556396765835,527.5,1.2909944487358056,551.75,0.5,365.75,0.9574271077563381,241,0.816496580927726,
1645738452.324481,1334,1359.25,627,0.816496580927726,524.25,1.707825127659933,540,0.816496580927726,361.5,3.1091263510296048,237,1.8257418583505538,
1645738458.843273,1355,1380.75,620.25,1.707825127659933,518,0.816496580927726,533.25,1.5,357.5,1.2909944487358056,235,0.816496580927726,
1645738465.365222,1376,1400.25,614.25,2.217355782608345,515,2.160246899469287,527,0.816496580927726,350.5,1.2909944487358056,230.25,1.5,
1645738471.883903,1397,1419.75,606.75,2.217355782608345,508.5,1.0,517,2.160246899469287,346.75,1.2583057392117916,227.25,0.5,
1645738478.401073,1418,1439.75,599.5,2.3804761428476167,502.75,1.8929694486000912,510.75,2.0615528128088303,341.25,1.2583057392117916,224.25,0.9574271077563381,
1645738484.923766,1439,1459.75,593,2.160246899469287,495,2.70801280154532,502,2.160246899469287,334.25,1.2583057392117916,218.5,1.2909944487358056,
1645738491.443574,1460,1480.25,585.25,0.5,490,2.160246899469287,496,0.816496580927726,329.75,0.9574271077563381,215,0.816496580927726,
1645738497.966143,1481,1500.5,577,1.4142135623730951,487,1.1547005383792515,487.75,2.362907813126304,324.25,1.5,212.25,1.8929694486000912,
1645738504.487398,1502,1520.25,571,0.816496580927726,480,0.816496580927726,480.5,1.2909944487358056,320,1.632993161855452,208.75,1.5,
1645738511.008413,1523,1541,563.25,1.5,473.25,0.9574271077563381,471.75,2.217355782608345,315.25,1.2583057392117916,205.25,1.707825127659933,
1645738517.529085,1544,1560.5,558.5,3.0,467.75,0.5,464.75,2.217355782608345,310.25,1.5,202.25,0.9574271077563381,
1645738524.051245,1565,1581,550.25,0.9574271077563381,461,0.816496580927726,456,1.4142135623730951,305.25,0.9574271077563381,198,1.4142135623730951,
1645738530.57041,1586,1601.25,544,0.816496580927726,455.5,0.5773502691896257,448.25,1.8929694486000912,299.25,0.9574271077563381,195.5,1.0,
1645738537.092344,1607,1620.75,536.5,1.7320508075688772,449,1.8257418583505538,441,2.449489742783178,295.75,1.8929694486000912,191,0.816496580927726,
1645738543.614624,1628,1641,529.25,2.0615528128088303,443,1.632993161855452,434,1.632993161855452,288.25,0.9574271077563381,186.75,1.2583057392117916,
1645738550.137241,1649,1660.75,520.25,2.5,438,1.8257418583505538,426.25,1.707825127659933,285,0.0,182.5,0.5773502691896257,
1645738556.659668,1670,1681.25,514.5,2.3804761428476167,430.5,1.9148542155126762,418,0.816496580927726,279.25,1.707825127659933,180,0.816496580927726,
1645738563.181992,1691,1701.75,506.5,1.9148542155126762,424.5,1.2909944487358056,412,1.4142135623730951,274,0.816496580927726,176,2.160246899469287,
1645738569.703076,1712,1722.25,501.5,1.9148542155126762,419.5,1.7320508075688772,401.75,1.707825127659933,268.5,1.2909944487358056,172.75,2.6299556396765835,
1645738576.225463,1733,1741.5,492.5,1.0,413,1.632993161855452,395.25,0.9574271077563381,263,0.816496580927726,169.25,0.5,
1645738582.746041,1754,1762.25,485.5,1.7320508075688772,407.5,2.0816659994661326,389.5,1.2909944487358056,259.5,0.5773502691896257,165,1.4142135623730951,
1645738589.268531,1775,1782.25,476,2.160246899469287,400.25,0.9574271077563381,380.75,1.2583057392117916,255,2.160246899469287,162.5,0.5773502691896257,
1645738595.790821,1796,1802.5,470,2.943920288775949,393.25,1.2583057392117916,373.75,0.9574271077563381,249.5,1.2909944487358056,158.75,0.9574271077563381,
1645738602.312581,1817,1822.5,462.5,3.1091263510296048,388,1.4142135623730951,366.5,1.9148542155126762,244.5,0.5773502691896257,156.25,1.5,
1645738608.831609,1838,1842,454.5,1.2909944487358056,381.75,0.9574271077563381,359.25,1.707825127659933,240,0.816496580927726,152.75,0.9574271077563381,
1645738615.353775,1859,1863.5,445.75,0.5,374.75,2.6299556396765835,353,2.160246899469287,236,0.816496580927726,149.5,0.5773502691896257,
1645738621.872475,1880,1882.75,439.5,1.9148542155126762,368.25,0.9574271077563381,345,0.0,230.25,0.9574271077563381,146.75,0.9574271077563381,
1645738628.394102,1901,1903,431,1.4142135623730951,363.5,1.9148542155126762,339.75,1.2583057392117916,225.75,1.5,143.5,0.5773502691896257,
1645738634.913041,1922,1922.75,424,1.632993161855452,355,1.1547005383792515,334,1.1547005383792515,220,1.1547005383792515,139.75,0.9574271077563381,
1645738641.434105,1943,1943,415.75,0.9574271077563381,350,1.1547005383792515,328,1.632993161855452,217.5,1.0,137.25,0.5,
1645738647.952499,1964,1964,409.25,2.217355782608345,343.25,1.707825127659933,321.75,0.5,212.75,0.5,134.5,0.5773502691896257,
1645738654.469356,1985,1984,402,1.632993161855452,335.75,0.9574271077563381,315.75,1.707825127659933,209,2.0,132.5,0.5773502691896257,
1645738660.989393,2006,2004.25,394.5,1.7320508075688772,331.5,0.5773502691896257,311.5,1.7320508075688772,204.5,1.0,130.5,0.5773502691896257,
1645738667.509399,2027,2023.5,386.25,0.9574271077563381,325.75,0.5,304.5,1.7320508075688772,199.5,1.2909944487358056,126.75,0.5,
1645738674.02971,2048,2043.25,379.25,1.707825127659933,318,1.8257418583505538,300.25,0.9574271077563381,196,1.1547005383792515,125.25,0.5,
1645738680.550569,2069,2064,372,1.4142135623730951,313,2.160246899469287,295,0.0,192,0.816496580927726,121.75,1.5,
1645738687.069829,2090,2084.75,363.75,1.2583057392117916,306,1.4142135623730951,290.5,0.5773502691896257,188.5,1.2909944487358056,120.25,0.5,
1645738693.591511,2111,2104.5,355.25,1.5,301,0.816496580927726,286.5,0.5773502691896257,185.5,0.5773502691896257,118,0.816496580927726,
1645738700.112986,2132,2124.75,350,0.816496580927726,294,1.4142135623730951,281.75,0.9574271077563381,181.25,0.9574271077563381,115.5,2.3804761428476167,
1645738706.633908,2153,2144,343,1.4142135623730951,288.75,0.9574271077563381,277.75,1.2583057392117916,179,0.816496580927726,114.75,0.5,
1645738713.155701,2174,2164.75,336.75,1.2583057392117916,281.5,1.0,273.5,0.5773502691896257,175.25,1.707825127659933,112.25,0.9574271077563381,
1645738719.67752,2195,2184.5,329.25,1.707825127659933,276.5,1.2909944487358056,270.5,1.2909944487358056,173.5,1.2909944487358056,111,0.816496580927726,
1645738726.19702,2216,2205.5,323,1.632993161855452,270.25,1.5,268,0.816496580927726,169.75,1.2583057392117916,110,1.4142135623730951,
1645738732.719578,2237,2226,315.5,1.7320508075688772,264.75,0.5,264.75,0.9574271077563381,167,1.1547005383792515,108.75,1.2583057392117916,
1645738739.240663,2258,2244.25,309.5,1.2909944487358056,259,1.1547005383792515,261,1.4142135623730951,164.75,0.9574271077563381,107.75,1.5,
1645738745.759891,2279,2265.25,304,0.816496580927726,253.75,1.707825127659933,260,1.4142135623730951,162.75,2.0615528128088303,106.75,1.2583057392117916,
1645738752.281887,2300,2285.75,297.5,0.5773502691896257,248,1.4142135623730951,257,0.816496580927726,161.25,1.2583057392117916,105.75,0.5,
1645738758.80145,2321,2305.5,291.5,1.7320508075688772,243.5,1.0,255.5,1.2909944487358056,159.25,0.9574271077563381,106.5,1.0,
1645738765.323904,2342,2325.5,286.5,1.2909944487358056,237.25,0.5,252.75,1.707825127659933,157.5,0.5773502691896257,105,0.816496580927726,
1645738771.844978,2363,2346.75,279.5,1.0,232,0.816496580927726,252.5,0.5773502691896257,156,0.816496580927726,104.5,0.5773502691896257,
1645738778.366819,2384,2367,275.5,0.5773502691896257,228,1.1547005383792515,251.25,0.9574271077563381,154.25,0.9574271077563381,105,1.4142135623730951,
1645738784.886699,2405,2386.5,270.5,0.5773502691896257,223.75,0.5,250.25,1.5,154.75,0.9574271077563381,103.75,1.2583057392117916,
1645738791.409357,2426,2406.5,265,1.8257418583505538,219.75,1.707825127659933,249.75,0.5,153.75,1.5,105,0.816496580927726,
1645738797.929892,2447,2427,262,1.1547005383792515,214,0.816496580927726,248.25,1.707825127659933,153.5,1.0,105.75,1.5,
1645738804.451847,2468,2447,256.5,1.7320508075688772,210.25,0.9574271077563381,247,2.160246899469287,153.25,0.9574271077563381,105.5,1.7320508075688772,
1645738810.972679,2489,2467.5,254.5,0.5773502691896257,206.5,0.5773502691896257,247.25,1.2583057392117916,154.75,1.2583057392117916,106.5,0.5773502691896257,
1645738817.49127,2510,2486.75,250,0.816496580927726,203.25,0.5,247,0.816496580927726,155,0.816496580927726,108.25,0.5,
1645738824.012465,2531,2506.5,247,0.816496580927726,200.5,1.7320508075688772,247.25,2.0615528128088303,155.5,0.5773502691896257,108.75,0.5,
1645738830.534642,2552,2528,242.5,1.2909944487358056,197.75,1.5,248.5,1.2909944487358056,155.75,0.5,108.75,0.5,
1645738837.057467,2573,2546.75,241.25,0.9574271077563381,196.5,1.2909944487358056,249.5,1.0,157.5,0.5773502691896257,110.75,1.5,
1645738843.578053,2594,2568,237.25,0.9574271077563381,192.75,1.2583057392117916,251.25,0.5,159,1.4142135623730951,113,0.816496580927726,
1645738850.100172,2615,2588.25,236.5,1.0,190.25,1.2583057392117916,252.25,0.5,161,1.4142135623730951,114.25,0.9574271077563381,
1645738856.621865,2636,2608,233.25,0.9574271077563381,188.5,0.5773502691896257,254.5,1.2909944487358056,162.75,0.9574271077563381,116,0.816496580927726,
1645738863.144063,2657,2627.75,233.5,0.5773502691896257,186.75,0.9574271077563381,256.75,1.707825127659933,164.75,0.9574271077563381,118.5,0.5773502691896257,
1645738869.666302,2678,2648.5,231.5,1.0,185,1.8257418583505538,259.25,0.5,166.75,0.9574271077563381,121.75,0.9574271077563381,
1645738876.188355,2699,2668.25,231,0.816496580927726,184.25,0.9574271077563381,261.75,0.9574271077563381,168.25,0.5,122.5,0.5773502691896257,
1645738882.710143,2720,2688.5,232,0.816496580927726,183.25,0.5,264.5,1.2909944487358056,172,0.816496580927726,125,0.816496580927726,
1645738889.231789,2741,2708.5,232.25,0.9574271077563381,184,0.816496580927726,267,1.1547005383792515,175,0.816496580927726,127.5,1.0,
1645738895.751219,2762,2728.75,232,1.4142135623730951,183.75,0.9574271077563381,272.25,0.5,178.25,0.5,130.5,0.5773502691896257,
1645738902.268424,2783,2749,232.75,0.5,183.75,1.8929694486000912,275.5,1.0,182.5,1.2909944487358056,133.75,0.9574271077563381,
1645738908.791505,2804,2768.75,233.75,0.5,184.5,0.5773502691896257,280.75,0.9574271077563381,185.5,1.0,136.5,1.0,
1645738915.312471,2825,2788.75,236.25,0.5,185.25,1.2583057392117916,284,1.4142135623730951,190.25,0.5,138.5,1.0,
1645738921.834489,2846,2809.5,237.5,0.5773502691896257,187,0.0,289,1.8257418583505538,193.5,1.2909944487358056,141.75,1.707825127659933,
1645738928.357109,2867,2829,241,1.632993161855452,188.25,0.5,294.25,1.2583057392117916,198,0.816496580927726,145.5,0.5773502691896257,
1645738934.878854,2888,2849,243.5,2.3804761428476167,191.25,1.5,300.75,1.707825127659933,202.25,0.9574271077563381,149.5,1.2909944487358056,
1645738941.401572,2909,2869,247.5,1.7320508075688772,193.5,1.0,306.25,0.5,206.5,1.0,152.25,0.9574271077563381,
1645738947.924017,2930,2890.5,251.25,1.5,196.5,1.2909944487358056,312.5,2.3804761428476167,211,0.0,155.75,0.5,
1645738954.446203,2951,2909.5,254.25,0.5,198.25,0.9574271077563381,318.5,1.7320508075688772,216.5,1.9148542155126762,158.75,1.5,
1645738960.967586,2972,2929.75,259,2.160246899469287,202.25,1.5,325,0.816496580927726,221.5,0.5773502691896257,163.25,0.9574271077563381,
1645738967.488914,2993,2950,263.75,1.8929694486000912,205.5,1.2909944487358056,331.25,0.9574271077563381,226.25,0.9574271077563381,166.75,0.5,
1645738974.011152,3014,2970.25,267.75,1.5,208.5,1.0,338,0.816496580927726,230.75,0.9574271077563381,169,1.4142135623730951,
1645738980.531819,3035,2990.25,273.25,1.2583057392117916,213.5,0.5773502691896257,345.5,1.0,234.75,0.9574271077563381,173.25,0.9574271077563381,
1645738987.052239,3056,3010.25,279.75,1.8929694486000912,217.75,1.5,353,0.0,241.5,1.0,177,1.4142135623730951,
1645738993.572124,3077,3030.25,286.25,1.5,221,1.4142135623730951,358.75,0.9574271077563381,247.25,0.5,181.5,0.5773502691896257,
1645739000.09301,3098,3051.5,291,2.449489742783178,227.75,1.8929694486000912,368.25,1.2583057392117916,250.5,1.9148542155126762,184.75,0.9574271077563381,
1645739006.615313,3119,3071.25,297.25,1.2583057392117916,230.75,1.2583057392117916,375,0.816496580927726,257,0.816496580927726,188.25,1.5,
1645739013.136671,3140,3091,304.75,0.5,237,0.816496580927726,382.5,1.0,262.75,1.2583057392117916,192.75,0.9574271077563381,
1645739019.655378,3161,3109.75,312.5,1.2909944487358056,242.5,1.2909944487358056,391.25,1.707825127659933,268.25,1.5,195,1.632993161855452,
1645739026.176142,3182,3130.75,317.5,1.2909944487358056,247.75,0.9574271077563381,398.75,1.5,273.75,1.707825127659933,199.75,0.5,
1645739032.698521,3203,3151.25,325,0.816496580927726,254,1.4142135623730951,406.25,0.9574271077563381,279.25,0.9574271077563381,203.5,0.5773502691896257,
1645739039.220785,3224,3171.5,332.25,0.9574271077563381,259.25,1.707825127659933,414,0.816496580927726,285.25,0.9574271077563381,207,1.8257418583505538,
1645739045.743535,3245,3192.5,340.5,1.0,264.75,1.2583057392117916,421.5,1.2909944487358056,291,0.0,211.75,0.9574271077563381,
1645739052.265896,3266,3211.5,346.75,0.5,270.75,0.9574271077563381,430,1.4142135623730951,295.75,0.9574271077563381,216.5,0.5773502691896257,
1645739058.7892,3287,3231.5,355.25,0.5,277.5,1.7320508075688772,438.75,1.2583057392117916,301.5,1.2909944487358056,219.5,1.7320508075688772,
1645739065.309458,3308,3252.25,362.75,1.707825127659933,283.75,1.5,445.75,1.707825127659933,306.25,1.5,223.5,1.2909944487358056,
1645739071.83155,3329,3273,370,1.8257418583505538,290.5,1.2909944487358056,454,0.816496580927726,311.75,0.9574271077563381,226,1.4142135623730951,
1645739078.350995,3350,3292,378,1.1547005383792515,296.25,1.707825127659933,462.75,0.9574271077563381,318,0.816496580927726,232,0.0,
1645739084.870483,3371,3312.75,386.25,1.5,302.25,1.707825127659933,471,0.816496580927726,322.5,0.5773502691896257,234,1.4142135623730951,
1645739091.39186,3392,3332.5,393.5,0.5773502691896257,308.5,1.2909944487358056,477.5,1.2909944487358056,327.5,1.2909944487358056,238.25,0.9574271077563381,
1645739097.912852,3413,3352.75,402.75,0.9574271077563381,314.25,1.5,486.5,1.2909944487358056,333,1.4142135623730951,242.5,0.5773502691896257,
1645739104.435571,3434,3373,408.25,1.5,322.25,1.5,494.25,1.707825127659933,339.5,1.2909944487358056,245.75,1.5,
1645739110.958409,3455,3393,418.5,1.2909944487358056,328.5,1.7320508075688772,502.5,1.9148542155126762,344.25,2.362907813126304,250,0.816496580927726,
1645739117.481595,3476,3413.5,426.5,1.2909944487358056,335.5,0.5773502691896257,509.25,0.9574271077563381,351,0.816496580927726,254,1.632993161855452,
1645739124.002738,3497,3433.25,433.5,1.7320508075688772,341.5,1.7320508075688772,518,1.4142135623730951,355.5,2.0816659994661326,257.25,1.5,
1645739130.527299,3518,3453.75,440.5,2.6457513110645907,348.5,1.7320508075688772,525.25,2.362907813126304,361,0.816496580927726,261.5,1.2909944487358056,
1645739137.047133,3539,3472.75,449.25,0.5,354.25,1.5,533.75,1.707825127659933,366,2.160246899469287,265,1.4142135623730951,
1645739143.567672,3560,3493.75,457,1.4142135623730951,360.75,1.2583057392117916,541,0.0,372,0.816496580927726,267.5,1.7320508075688772,
1645739150.08952,3581,3513.25,465.75,0.5,367.75,2.0615528128088303,548.5,1.7320508075688772,375.75,2.217355782608345,272,0.816496580927726,
1645739156.611461,3602,3533.5,474.25,0.5,373.75,0.9574271077563381,556.25,0.9574271077563381,383,0.816496580927726,273.25,0.5,
1645739163.134275,3623,3553.5,480.5,2.6457513110645907,382.5,1.2909944487358056,564.5,1.7320508075688772,387.5,1.2909944487358056,279.5,1.0,
1645739169.657272,3644,3573.75,488.75,0.9574271077563381,388.25,1.2583057392117916,572.25,0.5,392,2.160246899469287,282.5,1.2909944487358056,
1645739176.175591,3665,3593.75,496.5,1.7320508075688772,394,0.816496580927726,580,0.816496580927726,397.5,0.5773502691896257,286,0.0,
1645739182.695928,3686,3614.75,504.75,0.9574271077563381,399.25,1.8929694486000912,584.25,2.217355782608345,402.75,1.2583057392117916,291,0.816496580927726,
1645739189.217796,3707,3634.25,513,1.4142135623730951,406,1.1547005383792515,593,1.4142135623730951,406.5,1.2909944487358056,294.75,0.9574271077563381,
1645739195.74032,3728,3653.5,519.5,1.0,413.5,1.0,600.75,1.5,411.75,0.9574271077563381,298,0.816496580927726,
1645739202.259723,3749,3675,527.75,0.5,419,0.816496580927726,607.75,0.9574271077563381,417.75,1.2583057392117916,301,0.816496580927726,
1645739208.782052,3770,3694.25,533,1.4142135623730951,425.75,1.2583057392117916,615.5,1.2909944487358056,422.5,2.3804761428476167,304.25,0.9574271077563381,
1645739215.304084,3791,3714.25,543,0.816496580927726,431.75,0.5,622.5,1.9148542155126762,426.5,1.9148542155126762,308,1.4142135623730951,
1645739221.827176,3812,3734.75,550,0.816496580927726,438.25,1.8929694486000912,631,2.449489742783178,432.5,2.0816659994661326,311.25,0.5,
1645739228.349358,3833,3755.25,557,2.309401076758503,443.25,1.5,636,0.816496580927726,436.75,1.8929694486000912,313,1.1547005383792515,
1645739234.871745,3854,3775.25,565.25,0.9574271077563381,450.5,1.0,644,1.4142135623730951,442.75,0.9574271077563381,319.25,0.9574271077563381,
1645739241.394565,3875,3795.25,571.75,1.707825127659933,456,0.816496580927726,649.75,0.9574271077563381,447.5,1.2909944487358056,321.5,1.9148542155126762,
1645739247.912063,3925,3842.75,589.75,1.707825127659933,470.75,1.707825127659933,666.5,1.2909944487358056,459.25,1.5,329.5,1.0,
1645739254.4319,3875,3795.75,571.5,1.0,456,0.816496580927726,650,1.8257418583505538,446.75,2.0615528128088303,322.25,1.2583057392117916,
1645739260.95378,3854,3774.75,563.5,1.2909944487358056,449.25,1.2583057392117916,642.25,0.5,442,1.1547005383792515,319.25,1.2583057392117916,
1645739267.474758,3833,3754.75,557.5,1.0,443,1.1547005383792515,636.5,0.5773502691896257,437.25,0.9574271077563381,315.5,1.0,
1645739273.997407,3812,3734.75,548,0.816496580927726,436.5,1.2909944487358056,629,1.4142135623730951,432.5,1.0,311.5,0.5773502691896257,
1645739280.518839,3791,3714.5,541.5,1.7320508075688772,430.75,2.217355782608345,621,0.0,428.25,1.2583057392117916,309,0.816496580927726,
1645739287.040728,3770,3695.75,534.25,0.9574271077563381,425,1.632993161855452,615.5,1.7320508075688772,422.25,1.707825127659933,305,2.449489742783178,
1645739293.562364,3749,3675,527.5,1.2909944487358056,418.75,0.9574271077563381,606.5,0.5773502691896257,418.75,0.9574271077563381,300.75,0.9574271077563381,
1645739300.082407,3728,3654.5,518.75,1.5,413,1.8257418583505538,600.5,0.5773502691896257,412.25,1.707825127659933,298.25,0.5,
1645739306.603907,3707,3634,512,0.816496580927726,404.25,0.9574271077563381,592.25,1.8929694486000912,407.25,1.2583057392117916,293.5,0.5773502691896257,
1645739313.125115,3686,3615,505,2.160246899469287,400.25,2.217355782608345,584.5,1.9148542155126762,401.75,0.9574271077563381,290.25,2.6299556396765835,
1645739319.644397,3665,3593.5,497,2.160246899469287,393.25,1.2583057392117916,576.75,0.5,396.75,1.5,286.25,1.2583057392117916,
1645739326.166299,3644,3574,486.75,2.362907813126304,387.25,2.362907813126304,571.75,1.2583057392117916,392.75,1.2583057392117916,282.75,2.362907813126304,
1645739332.689266,3623,3553.5,479,1.632993161855452,380,2.160246899469287,563.75,1.5,386.5,2.3804761428476167,279.5,0.5773502691896257,
1645739339.212776,3602,3533.25,473,1.1547005383792515,374.5,0.5773502691896257,555.75,1.5,382.5,0.5773502691896257,276.5,1.7320508075688772,
1645739345.736465,3581,3514.25,464.5,1.0,368,0.816496580927726,546.75,1.5,377.25,2.217355782608345,272.5,1.0,
1645739352.258483,3560,3493.75,455.5,0.5773502691896257,359.5,1.2909944487358056,540.5,1.2909944487358056,371.5,0.5773502691896257,269.25,0.5,
1645739358.781257,3539,3473,447.5,1.7320508075688772,353.5,1.9148542155126762,531.75,1.2583057392117916,366,1.632993161855452,264.75,1.707825127659933,
1645739365.303661,3518,3453.25,439.5,1.7320508075688772,347.25,0.9574271077563381,524.5,1.2909944487358056,360.75,0.9574271077563381,261.25,1.707825127659933,
1645739371.826379,3497,3433,431.5,1.2909944487358056,339.75,1.5,516.75,1.2583057392117916,354,1.4142135623730951,259,0.816496580927726,
1645739378.349285,3476,3413,423.5,1.0,335,0.816496580927726,508.75,0.5,350,1.4142135623730951,254.25,1.707825127659933,
1645739384.871846,3455,3392.75,415.75,1.5,326.5,1.2909944487358056,501.25,1.707825127659933,345,1.632993161855452,250.25,0.5,
1645739391.393644,3434,3372,407,1.4142135623730951,321.5,1.2909944487358056,493.25,0.9574271077563381,339.5,1.2909944487358056,246.25,1.5,
1645739397.916115,3413,3352.5,399,0.816496580927726,315,0.816496580927726,485,2.160246899469287,333.5,0.5773502691896257,243.25,0.5,
1645739404.435382,3392,3332.25,392.5,1.7320508075688772,308.5,0.5773502691896257,477,1.632993161855452,328,1.8257418583505538,238.25,1.707825127659933,
1645739410.956304,3371,3312.5,382.5,2.516611478423583,300.75,0.5,469,2.449489742783178,322.75,1.8929694486000912,235.5,1.2909944487358056,
1645739417.477769,3350,3292.5,376.5,1.0,296.75,2.0615528128088303,461,1.4142135623730951,316,0.816496580927726,231.5,0.5773502691896257,
1645739423.999304,3329,3272,367.75,1.5,289,1.8257418583505538,453,2.449489742783178,311.5,1.0,226,0.816496580927726,
1645739430.52108,3308,3252,360.75,1.8929694486000912,281.5,1.7320508075688772,444.25,1.8929694486000912,306.75,2.0615528128088303,224,1.1547005383792515,
1645739437.043885,3287,3230.75,351.25,1.5,276.75,0.9574271077563381,436.75,0.5,300.75,0.9574271077563381,219.5,0.5773502691896257,
1645739443.564999,3266,3211.5,345,0.0,271,0.816496580927726,429.25,2.5,295,1.8257418583505538,217,0.816496580927726,
1645739450.084904,3245,3191.25,338.25,1.707825127659933,263.75,0.9574271077563381,420.5,1.2909944487358056,289.5,0.5773502691896257,212,0.816496580927726,
1645739456.607655,3224,3170.5,329.75,1.2583057392117916,258.75,1.707825127659933,413.25,0.9574271077563381,284.25,0.9574271077563381,209,1.632993161855452,
1645739463.129836,3203,3151.5,321.25,1.2583057392117916,252.25,0.5,405,2.160246899469287,279.75,0.9574271077563381,204,0.0,
1645739469.649673,3182,3130.75,316,2.0,246.75,2.217355782608345,398,1.4142135623730951,273.5,1.2909944487358056,200.75,0.9574271077563381,
1645739476.168469,3161,3110.75,309,1.8257418583505538,241,2.160246899469287,390,1.1547005383792515,267.5,1.2909944487358056,196.75,1.707825127659933,
1645739482.688225,3140,3090.75,301.5,2.0816659994661326,236.5,0.5773502691896257,383.5,0.5773502691896257,262.5,0.5773502691896257,194,0.816496580927726,
1645739489.209525,3119,3071,296.25,2.217355782608345,231.5,1.7320508075688772,375.25,0.5,258.25,0.5,189.25,1.2583057392117916,
1645739495.731326,3098,3051,289.25,1.2583057392117916,227.5,1.2909944487358056,366.75,1.5,252.75,0.5,186,0.816496580927726,
1645739502.251862,3077,3029.5,283.5,0.5773502691896257,222.25,1.2583057392117916,359.75,2.0615528128088303,245.75,1.2583057392117916,182,1.4142135623730951,
1645739508.774021,3056,3010.25,277.75,0.9574271077563381,218,1.8257418583505538,352.25,0.9574271077563381,240.75,1.2583057392117916,177.25,1.707825127659933,
1645739515.296078,3035,2989.5,272,1.4142135623730951,214,1.4142135623730951,344.75,1.707825127659933,237.75,0.5,174.25,0.9574271077563381,
1645739521.818451,3014,2970.25,267,1.632993161855452,210.5,0.5773502691896257,337.75,0.9574271077563381,230.75,0.9574271077563381,171.5,1.0,
1645739528.340593,2993,2950.25,262.75,0.9574271077563381,206.5,1.0,331.25,0.5,225.75,0.9574271077563381,167.25,0.5,
1645739534.863569,2972,2930.75,258.5,1.2909944487358056,203.5,1.0,324.5,0.5773502691896257,223.25,0.9574271077563381,163.75,1.5,
1645739541.381007,2951,2910.5,253.75,0.9574271077563381,200.5,2.3804761428476167,319,0.0,217.5,0.5773502691896257,160,0.816496580927726,
1645739547.901668,2930,2890.5,251.75,0.5,196,2.70801280154532,313,0.816496580927726,211.75,1.2583057392117916,156.75,1.5,
1645739554.423448,2909,2870,246.75,0.9574271077563381,193.25,0.9574271077563381,307,0.816496580927726,208.5,1.2909944487358056,153.5,1.2909944487358056,
1645739560.945437,2888,2849.25,242.5,1.2909944487358056,193.25,0.9574271077563381,299.75,0.9574271077563381,204.25,1.5,148.5,1.2909944487358056,
1645739567.467882,2867,2829.5,242,1.4142135623730951,189.75,1.5,297,1.4142135623730951,199.5,0.5773502691896257,146,1.4142135623730951,
1645739573.989102,2846,2809,238.75,0.5,188.75,0.9574271077563381,291.25,0.5,195.5,1.2909944487358056,144,0.816496580927726,
1645739580.510634,2825,2788.75,237,1.8257418583505538,187.75,0.9574271077563381,286.25,0.9574271077563381,191.75,1.5,138.75,0.9574271077563381,
1645739587.033152,2804,2768.75,234.75,0.9574271077563381,187.25,0.9574271077563381,280.5,1.0,188.25,0.5,137.5,1.2909944487358056,
1645739593.556232,2783,2749,234.25,1.5,184,1.4142135623730951,275.75,1.5,183,0.816496580927726,134.75,1.2583057392117916,
1645739600.078797,2762,2729,233.75,1.5,186.25,0.9574271077563381,273.25,1.5,181.5,1.0,132,1.1547005383792515,
1645739606.595739,2741,2708.25,233.25,0.5,185.25,2.0615528128088303,269.5,1.0,177.75,0.5,130,0.816496580927726,
1645739613.117776,2720,2688.75,233.5,1.7320508075688772,186,1.4142135623730951,267.5,0.5773502691896257,174,1.1547005383792515,126.75,0.9574271077563381,
1645739619.638949,2699,2668.25,233.25,1.707825127659933,187.25,1.707825127659933,263.5,2.0816659994661326,171,1.4142135623730951,125,0.816496580927726,
1645739626.157976,2678,2648.75,234.5,1.7320508075688772,189,1.8257418583505538,262,1.4142135623730951,169.75,0.9574271077563381,123,0.816496580927726,
1645739632.678352,2657,2628,236.25,0.9574271077563381,190.25,0.9574271077563381,258.5,0.5773502691896257,167,1.4142135623730951,119.5,1.2909944487358056,
1645739639.198818,2636,2607.75,236.75,0.5,192,1.4142135623730951,256.5,0.5773502691896257,165.25,0.9574271077563381,118,0.816496580927726,
1645739645.721504,2615,2587.25,238.25,2.0615528128088303,194.5,0.5773502691896257,255.25,1.2583057392117916,163.5,0.5773502691896257,117.25,0.5,
1645739652.24048,2594,2567,241.25,1.707825127659933,196,0.816496580927726,252.25,0.9574271077563381,161.5,1.2909944487358056,116.25,0.9574271077563381,
1645739658.759561,2573,2547,245,0.816496580927726,197.75,0.5,251.25,2.0615528128088303,161.5,1.2909944487358056,114.5,1.2909944487358056,
1645739665.278501,2552,2527,246.5,1.9148542155126762,201.75,0.9574271077563381,251.25,2.0615528128088303,159,1.8257418583505538,111.25,0.5,
1645739671.79706,2531,2507,250.25,1.2583057392117916,203.5,1.0,251.5,1.2909944487358056,157.75,0.9574271077563381,112.5,1.0,
1645739678.318178,2510,2487,255.25,0.5,208.5,1.7320508075688772,250.75,0.9574271077563381,158,1.4142135623730951,110.5,1.2909944487358056,
1645739684.839211,2489,2466.25,258.5,1.7320508075688772,213,1.1547005383792515,251.25,0.9574271077563381,158,0.816496580927726,108.5,0.5773502691896257,
1645739691.357518,2468,2446.25,260.75,1.5,215.5,1.7320508075688772,250,1.1547005383792515,156.75,0.5,108.5,2.0816659994661326,
1645739697.879056,2447,2426.5,265.5,0.5773502691896257,218.75,1.2583057392117916,252,1.4142135623730951,157.75,0.9574271077563381,109.5,1.0,
1645739704.401199,2426,2406.25,269.75,2.217355782608345,223.5,1.7320508075688772,251.25,0.9574271077563381,157.75,1.2583057392117916,106.75,1.8929694486000912,
1645739710.924046,2405,2386.25,275.25,0.9574271077563381,227.75,1.2583057392117916,253,1.4142135623730951,159.5,1.0,108,0.0,
1645739717.444041,2384,2365.5,280.25,1.5,232.25,0.9574271077563381,255,0.816496580927726,160,1.4142135623730951,108,0.816496580927726,
1645739723.966161,2363,2346.25,286.25,0.9574271077563381,238.25,0.5,255.25,0.9574271077563381,161.5,0.5773502691896257,108.5,1.0,
1645739730.488521,2342,2326.25,292,1.632993161855452,243,1.8257418583505538,258.25,0.5,162.75,1.2583057392117916,108.5,0.5773502691896257,
1645739737.010112,2321,2305.75,297,2.0,248.5,0.5773502691896257,260.25,1.5,163.25,0.5,109.5,1.2909944487358056,
1645739743.533541,2300,2285,303.25,2.362907813126304,253.75,0.9574271077563381,260.75,1.5,166,0.816496580927726,110,0.816496580927726,
1645739750.055427,2279,2265.75,310,0.816496580927726,260.25,1.707825127659933,264.25,0.9574271077563381,168.25,0.5,110.75,2.0615528128088303,
1645739756.574481,2258,2245,315.25,1.5,263.5,1.7320508075688772,266,0.816496580927726,169.5,1.0,112,1.4142135623730951,
1645739763.094226,2237,2225,322.75,0.9574271077563381,270.5,1.2909944487358056,269.5,1.0,171.25,0.9574271077563381,112.75,0.9574271077563381,
1645739769.61809,2216,2206,329,1.4142135623730951,274.75,1.2583057392117916,271.25,0.9574271077563381,175,1.4142135623730951,114.25,0.5,
1645739776.140418,2195,2185,334.75,1.8929694486000912,282.25,1.707825127659933,275.75,1.5,177.5,1.0,115.25,0.9574271077563381,
1645739782.659611,2174,2164.25,342.25,1.707825127659933,287.25,0.9574271077563381,279.25,1.707825127659933,179.5,1.2909944487358056,116.75,1.2583057392117916,
1645739789.182008,2153,2145,349.5,1.0,292.5,2.0816659994661326,281.25,1.2583057392117916,182.75,2.362907813126304,118.5,0.5773502691896257,
1645739795.704174,2132,2125.25,354.75,2.0615528128088303,298.5,1.2909944487358056,286,0.816496580927726,186.5,0.5773502691896257,120.75,0.9574271077563381,
1645739802.226385,2111,2104.5,361.25,1.2583057392117916,306,0.0,291,1.1547005383792515,190.25,0.9574271077563381,122.75,0.5,
1645739808.747449,2090,2084.25,369.75,2.0615528128088303,311.5,1.9148542155126762,295,0.816496580927726,193,0.816496580927726,123.75,0.5,
1645739815.269691,2069,2064.25,377.5,2.0816659994661326,317.25,0.9574271077563381,301.25,1.707825127659933,197.75,0.9574271077563381,127.5,0.5773502691896257,
1645739821.792214,2048,2044,384,1.4142135623730951,323.25,2.5,303.5,1.0,200,1.632993161855452,128.75,0.9574271077563381,
