1646362899.675021
0.075
26.25
28.9375
29.3125
118.75
1768
22.0
88
0.001
220
4
1646362914.140445,26.3125,29.0,29.375,2048,2043.75,375.75,0.9574271077563381,316.75,1.707825127659933,296.5,0.5773502691896257,195,1.1547005383792515,124,1.8257418583505538,
1646362922.176303,26.375,29.0625,29.4375,2069,2064,369.25,1.5,310.5,1.2909944487358056,293.75,1.2583057392117916,191.5,0.5773502691896257,122.25,0.9574271077563381,
1646362930.209047,26.3125,29.125,29.375,2090,2084,360.75,0.9574271077563381,304,1.1547005383792515,288.5,1.7320508075688772,187.75,0.9574271077563381,120.25,0.9574271077563381,
1646362938.241127,26.3125,29.125,29.375,2111,2104.75,354.75,0.9574271077563381,297.75,2.217355782608345,284,0.816496580927726,184.75,1.2583057392117916,118.75,0.9574271077563381,
1646362946.273708,26.25,29.1875,29.375,2132,2124.75,348.5,1.7320508075688772,291.75,0.5,280,0.816496580927726,181.25,0.5,116.25,1.5,
1646362954.306306,26.1875,29.1875,29.375,2153,2144.25,339.75,1.2583057392117916,286.25,0.9574271077563381,274.5,1.7320508075688772,178.25,0.9574271077563381,114.75,0.9574271077563381,
1646362962.339696,26.1875,29.25,29.375,2174,2164.75,334.75,1.2583057392117916,280,2.581988897471611,271.75,1.707825127659933,174.25,0.9574271077563381,111.75,0.9574271077563381,
1646362970.372608,26.25,29.1875,29.4375,2195,2184.75,326.75,1.2583057392117916,274.25,0.5,269,2.160246899469287,171.25,0.9574271077563381,112,0.816496580927726,
1646362978.405462,26.3125,29.1875,29.5,2216,2204.5,320.25,0.9574271077563381,268.75,1.707825127659933,265.75,1.2583057392117916,170.25,0.5,109.5,1.9148542155126762,
1646362986.437357,26.375,29.1875,29.5,2237,2225,314.25,0.9574271077563381,263,2.0,263,0.0,167,1.4142135623730951,108.75,1.2583057392117916,
1646362994.470552,26.375,29.1875,29.5625,2258,2245,308,1.8257418583505538,256.5,1.0,259.25,0.9574271077563381,164.5,1.0,107.75,0.9574271077563381,
1646363002.503167,26.4375,29.25,29.5625,2279,2265.75,300.75,0.5,252.75,1.5,256.75,0.5,162.25,1.707825127659933,106.75,0.9574271077563381,
1646363010.535519,26.4375,29.25,29.5625,2300,2286.25,295,0.816496580927726,247.25,1.2583057392117916,256.25,1.707825127659933,159.75,1.2583057392117916,105.75,1.2583057392117916,
1646363018.568387,26.4375,29.25,29.5625,2321,2306.5,289,2.160246899469287,241.5,1.2909944487358056,253.25,1.5,158.75,1.2583057392117916,105.25,0.9574271077563381,
1646363026.601669,26.4375,29.25,29.5625,2342,2325.5,282.5,0.5773502691896257,235.5,1.2909944487358056,252,0.816496580927726,156.25,0.9574271077563381,104,0.816496580927726,
1646363034.633256,26.375,29.3125,29.5625,2363,2346.75,278.5,1.2909944487358056,231.5,2.0816659994661326,251,1.8257418583505538,154.5,1.2909944487358056,104.75,1.5,
1646363042.665177,26.4375,29.3125,29.5625,2384,2366.25,274.75,0.9574271077563381,226,0.816496580927726,249.5,1.0,154.25,0.9574271077563381,104.25,1.5,
1646363050.697749,26.4375,29.3125,29.5,2405,2386.25,267.5,0.5773502691896257,222,0.0,247.5,0.5773502691896257,153.75,2.217355782608345,104.25,0.5,
1646363058.730987,26.375,29.375,29.5625,2426,2406.25,264,0.816496580927726,215.75,1.2583057392117916,247.5,1.2909944487358056,152.75,1.5,104.75,0.9574271077563381,
1646363066.763337,26.5,29.3125,29.625,2447,2426.75,259.75,1.8929694486000912,213,1.4142135623730951,247.5,0.5773502691896257,153.25,0.5,105.5,0.5773502691896257,
1646363074.795113,26.5,29.3125,29.625,2468,2446.75,254.75,1.2583057392117916,207.5,1.2909944487358056,247,1.4142135623730951,152.25,1.707825127659933,105.25,1.5,
1646363082.827799,26.5,29.375,29.625,2489,2466.5,251.25,0.9574271077563381,204.25,0.9574271077563381,246.75,0.5,153,0.0,106,0.816496580927726,
1646363090.859941,26.5625,29.375,29.625,2510,2487.75,247.5,1.7320508075688772,200.75,1.707825127659933,247.75,0.9574271077563381,152.75,1.707825127659933,107.75,1.2583057392117916,
1646363098.891815,26.5625,29.3125,29.6875,2531,2506.75,244,0.816496580927726,198.25,1.2583057392117916,248.25,0.9574271077563381,154.25,0.5,107,0.816496580927726,
1646363106.924282,26.625,29.25,29.75,2552,2527.75,240.75,1.5,195.25,2.0615528128088303,249.75,0.9574271077563381,155.25,1.707825127659933,108.75,1.2583057392117916,
1646363114.956991,26.6875,29.25,29.75,2573,2547.5,239,2.0,192.5,1.0,251.25,0.9574271077563381,156.75,1.5,111.25,0.9574271077563381,
1646363122.989351,26.6875,29.3125,29.6875,2594,2568,235.75,1.707825127659933,190.5,1.2909944487358056,252,1.4142135623730951,157.5,0.5773502691896257,112.25,0.5,
1646363131.021407,26.6875,29.3125,29.75,2615,2587.75,234.25,2.217355782608345,188.5,1.2909944487358056,254.75,1.2583057392117916,160,0.816496580927726,114.75,0.5,
1646363139.054211,26.6875,29.3125,29.6875,2636,2608.25,233.75,1.2583057392117916,186.75,1.2583057392117916,255.25,0.9574271077563381,162,1.4142135623730951,116.25,0.9574271077563381,
1646363147.086216,26.6875,29.375,29.6875,2657,2627.75,231.5,0.5773502691896257,185.25,1.5,258.25,1.707825127659933,164.25,0.9574271077563381,116.75,0.9574271077563381,
1646363155.11835,26.6875,29.375,29.75,2678,2648,231.25,0.9574271077563381,184.25,1.5,261,1.4142135623730951,168.25,0.5,120,0.816496580927726,
1646363163.150246,26.75,29.375,29.75,2699,2668.5,230.75,0.5,183.5,1.7320508075688772,264,1.4142135623730951,168.25,0.9574271077563381,122.75,1.2583057392117916,
1646363171.182453,26.75,29.375,29.8125,2720,2688.75,230.25,1.5,183,1.8257418583505538,266.5,0.5773502691896257,172,0.816496580927726,126,0.816496580927726,
1646363179.213232,26.75,29.4375,29.8125,2741,2708.5,231.5,1.2909944487358056,183,0.816496580927726,270.75,1.2583057392117916,175.25,1.5,127.25,0.9574271077563381,
1646363187.245065,26.75,29.4375,29.8125,2762,2728.75,231.75,0.9574271077563381,183.25,1.2583057392117916,274,1.4142135623730951,179.25,1.5,131.25,0.9574271077563381,
1646363195.276371,26.8125,29.4375,29.875,2783,2748.75,232.75,1.707825127659933,182.75,1.5,279.5,1.0,183.5,1.0,133.5,0.5773502691896257,
1646363203.308942,26.875,29.4375,29.875,2804,2768.75,234.75,0.5,184.75,1.5,282.25,0.9574271077563381,185.5,1.7320508075688772,136.75,0.9574271077563381,
1646363211.340931,26.875,29.4375,29.875,2825,2788.5,236.75,2.0615528128088303,186,0.816496580927726,288.75,1.8929694486000912,190.75,0.5,139.75,0.5,
1646363219.374495,26.875,29.5,29.875,2846,2809.25,238.5,0.5773502691896257,187,0.816496580927726,294.25,1.707825127659933,194,1.1547005383792515,142.25,1.707825127659933,
1646363227.406276,26.875,29.5,29.875,2867,2829.5,240.75,0.9574271077563381,188.75,0.9574271077563381,299.25,1.8929694486000912,198,1.4142135623730951,146,0.0,
1646363235.438056,26.9375,29.4375,29.9375,2888,2849,246.5,1.0,192,0.816496580927726,305.25,0.5,203.5,0.5773502691896257,148.75,0.5,
1646363243.470405,26.875,29.5,29.875,2909,2869.5,247.75,1.5,193.75,1.5,310.5,1.0,208.25,0.9574271077563381,153.75,0.5,
1646363251.502335,26.875,29.5,29.875,2930,2889.5,252.25,1.2583057392117916,195.5,0.5773502691896257,316,1.8257418583505538,211.25,0.9574271077563381,156,0.816496580927726,
1646363259.534263,26.8125,29.5,29.8125,2951,2909,254.75,0.5,198.25,1.2583057392117916,323.25,0.9574271077563381,217.5,1.2909944487358056,159.25,0.5,
1646363267.56635,26.8125,29.5,29.875,2972,2930,261.5,1.7320508075688772,202.5,1.7320508075688772,330.5,0.5773502691896257,223,1.4142135623730951,162.75,2.217355782608345,
1646363275.59829,26.8125,29.5625,29.8125,2993,2949.5,265.75,2.217355782608345,205.75,0.5,336.75,1.707825127659933,228.25,0.5,168,1.4142135623730951,
1646363283.630456,26.6875,29.5625,29.8125,3014,2970.75,270.5,1.0,210.5,0.5773502691896257,343.75,1.707825127659933,232.5,1.0,172.25,0.9574271077563381,
1646363291.662611,26.75,29.625,29.8125,3035,2991.25,276.75,1.2583057392117916,214.5,1.2909944487358056,352,1.1547005383792515,238.5,1.2909944487358056,174.25,1.707825127659933,
1646363299.694817,26.6875,29.625,29.75,3056,3011,283,0.0,219.25,1.2583057392117916,357.75,0.9574271077563381,244,0.816496580927726,178,0.816496580927726,
1646363307.72661,26.6875,29.5625,29.875,3077,3030.25,287.75,0.9574271077563381,224.5,1.7320508075688772,366,0.816496580927726,248.5,1.2909944487358056,182,1.4142135623730951,
1646363315.758845,26.75,29.5625,29.9375,3098,3050.75,293.75,0.5,228.75,1.2583057392117916,373.5,1.0,254,1.4142135623730951,186.25,0.9574271077563381,
1646363323.791577,26.75,29.625,29.875,3119,3070.5,301.25,1.5,232.75,1.2583057392117916,380.5,1.0,259.75,1.5,189.75,1.2583057392117916,
1646363331.824608,26.6875,29.625,29.8125,3140,3090.75,307.25,1.2583057392117916,238.25,2.5,388.75,0.9574271077563381,265,0.0,193.75,0.5,
1646363339.85652,26.6875,29.625,29.8125,3161,3110.5,314.25,2.217355782608345,245.25,0.5,398,0.816496580927726,270.75,0.9574271077563381,197.5,1.2909944487358056,
1646363347.888517,26.6875,29.6875,29.8125,3182,3131.5,322.75,0.9574271077563381,250,0.816496580927726,403.5,1.7320508075688772,276,0.0,200.75,0.9574271077563381,
1646363355.92022,26.6875,29.6875,29.875,3203,3151.5,328.25,1.2583057392117916,256,1.4142135623730951,412.25,1.2583057392117916,281.5,0.5773502691896257,205,1.4142135623730951,
1646363363.952,26.625,29.6875,29.8125,3224,3171,337.75,0.9574271077563381,261.75,2.0615528128088303,420,1.8257418583505538,287,0.0,209,1.1547005383792515,
1646363371.983627,26.6875,29.6875,29.9375,3245,3191.5,342.25,0.9574271077563381,268,1.4142135623730951,427.75,1.2583057392117916,290.5,0.5773502691896257,213,0.816496580927726,
1646363380.015459,26.75,29.6875,29.875,3266,3211.75,351.75,2.217355782608345,274.25,0.9574271077563381,436.75,1.2583057392117916,298.75,0.9574271077563381,216,1.4142135623730951,
1646363388.047403,26.8125,29.6875,30.0,3287,3231.75,357.75,1.707825127659933,280,0.816496580927726,444.75,1.5,304.25,0.5,220,1.632993161855452,
1646363396.079039,26.8125,29.6875,29.9375,3308,3252.25,367,0.816496580927726,286.75,2.0615528128088303,453.5,1.2909944487358056,309,1.632993161855452,223.5,1.0,
1646363404.110691,26.875,29.6875,30.0,3329,3272,373.25,2.6299556396765835,293,1.8257418583505538,461.75,0.9574271077563381,315.5,1.0,228.25,1.2583057392117916,
1646363412.141663,26.9375,29.6875,30.0,3350,3292,383.5,1.2909944487358056,298.25,1.2583057392117916,469.25,0.5,320.75,1.707825127659933,231.25,0.9574271077563381,
1646363420.173512,26.9375,29.75,30.0,3371,3312,390.5,1.2909944487358056,305.75,1.707825127659933,476.5,1.7320508075688772,325.5,1.0,236.25,1.2583057392117916,
1646363428.205723,26.875,29.75,30.0,3392,3332.5,399,0.816496580927726,311,1.1547005383792515,484.75,0.5,331.25,1.707825127659933,239.25,0.9574271077563381,
1646363436.235979,26.8125,29.75,29.9375,3413,3352.5,406,0.816496580927726,318.5,0.5773502691896257,493.5,0.5773502691896257,336.5,0.5773502691896257,244.25,0.9574271077563381,
1646363444.267701,26.8125,29.75,29.875,3434,3373.25,413.25,0.9574271077563381,325.25,2.0615528128088303,500.5,1.2909944487358056,342,0.0,246,2.160246899469287,
1646363452.299987,26.6875,29.75,29.875,3455,3393,423.75,1.8929694486000912,332.5,1.2909944487358056,509.75,1.2583057392117916,347.25,1.5,251,0.816496580927726,
1646363460.332038,26.6875,29.75,29.8125,3476,3413.25,430.5,1.0,338.5,1.2909944487358056,515.75,0.9574271077563381,353.25,0.9574271077563381,256,0.0,
1646363468.364222,26.625,29.8125,29.875,3497,3433.25,437.5,0.5773502691896257,344.75,0.5,525.5,1.9148542155126762,357.5,1.0,258.75,0.5,
1646363476.396332,26.6875,29.8125,29.875,3518,3452.75,443.75,0.5,351.5,1.2909944487358056,532.75,1.707825127659933,363.75,0.5,262.25,1.5,
1646363484.428689,26.625,29.8125,29.875,3539,3473.25,453.75,3.4034296427770228,358.5,0.5773502691896257,539.75,0.9574271077563381,369.25,1.5,266,0.816496580927726,
1646363492.460515,26.6875,29.8125,29.9375,3560,3494,461.25,0.5,364.5,2.6457513110645907,547.75,2.9860788111948193,373,0.816496580927726,270,0.816496580927726,
1646363500.491997,26.6875,29.8125,29.9375,3581,3514.25,469.5,1.2909944487358056,370.25,0.9574271077563381,554,1.8257418583505538,378.75,0.9574271077563381,272.75,1.2583057392117916,
1646363508.522895,26.6875,29.8125,30.0,3602,3533.5,479.25,0.5,378.25,0.9574271077563381,561.5,1.2909944487358056,385.5,1.2909944487358056,277,0.0,
1646363516.55529,26.6875,29.8125,30.0,3623,3553.5,486,1.1547005383792515,384.5,1.2909944487358056,570,0.816496580927726,388,0.816496580927726,280.75,0.9574271077563381,
1646363524.587127,26.75,29.8125,30.0625,3644,3574.25,492,0.816496580927726,390.5,1.2909944487358056,578,1.632993161855452,395.25,0.5,283.75,1.8929694486000912,
1646363532.619197,26.8125,29.8125,30.0625,3665,3594.5,500.75,2.0615528128088303,397.75,1.707825127659933,585.5,1.2909944487358056,399.5,0.5773502691896257,288.25,1.2583057392117916,
1646363540.651054,26.6875,29.75,30.0,3686,3614.5,508.5,1.0,403.25,0.9574271077563381,593.5,1.9148542155126762,406,0.816496580927726,292,0.816496580927726,
1646363548.68244,26.75,29.8125,29.9375,3707,3634.75,515.5,1.9148542155126762,409.5,0.5773502691896257,600.25,1.2583057392117916,410.5,0.5773502691896257,296,0.816496580927726,
1646363556.714285,26.8125,29.75,30.0625,3728,3654.75,523.75,0.5,416.5,1.7320508075688772,606.25,0.9574271077563381,415.25,0.9574271077563381,299.5,0.5773502691896257,
1646363564.746195,26.875,29.75,30.0,3749,3673.75,532.5,1.2909944487358056,421.25,0.9574271077563381,613.25,0.9574271077563381,420,0.816496580927726,302,0.816496580927726,
1646363572.778016,26.875,29.8125,29.9375,3770,3695,539.75,1.8929694486000912,429.5,1.0,621.25,1.2583057392117916,425.5,1.2909944487358056,305.5,1.2909944487358056,
1646363580.809667,26.75,29.75,30.0,3791,3715,546.25,0.5,435.5,1.7320508075688772,629,0.816496580927726,430.25,1.707825127659933,309.75,0.9574271077563381,
1646363588.841281,26.75,29.8125,29.9375,3812,3735.5,554,1.632993161855452,443,1.4142135623730951,635.25,0.5,435.75,2.217355782608345,312.5,1.2909944487358056,
1646363596.873459,26.8125,29.8125,30.0,3833,3755,563,0.816496580927726,447,1.4142135623730951,642.5,1.2909944487358056,438.75,3.095695936834452,316.75,1.2583057392117916,
1646363604.904134,26.875,29.8125,30.0,3854,3773.5,569.75,0.9574271077563381,453.25,0.9574271077563381,649.75,2.217355782608345,445.25,0.9574271077563381,319.75,1.5,
1646363612.936516,26.875,29.8125,30.0625,3875,3794.75,577.75,0.5,460.5,1.9148542155126762,657,1.1547005383792515,449,1.8257418583505538,324,0.816496580927726,
1646363620.968027,26.8125,29.8125,30.0625,3925,3831,572.5,5.32290647422377,465,3.7416573867739413,666.25,2.217355782608345,451.5,2.6457513110645907,327.75,1.8929694486000912,
1646363629.000152,26.875,29.875,30.0625,3875,3794.5,576.5,1.9148542155126762,461,0.816496580927726,656.5,1.0,449,0.816496580927726,324,1.632993161855452,
1646363637.031857,26.875,29.875,30.0625,3854,3775.25,569.25,1.707825127659933,454.5,1.0,649,1.8257418583505538,443.25,1.5,319,0.816496580927726,
1646363645.063667,26.9375,29.875,30.125,3833,3755.25,561,1.8257418583505538,448.25,1.707825127659933,641.5,0.5773502691896257,439.5,1.2909944487358056,316.25,1.5,
1646363653.095399,26.9375,29.875,30.125,3812,3735.25,554.25,1.707825127659933,442.5,0.5773502691896257,635.25,1.5,435,1.4142135623730951,313,1.8257418583505538,
1646363661.127135,26.9375,29.875,30.125,3791,3715,546.25,1.707825127659933,435.25,1.707825127659933,628,1.8257418583505538,431.25,0.9574271077563381,309,0.816496580927726,
1646363669.15863,27.0,29.875,30.1875,3770,3695,540,0.0,428.25,1.707825127659933,620,2.160246899469287,425.75,1.707825127659933,306.75,0.9574271077563381,
1646363677.190486,26.9375,29.875,30.125,3749,3674.25,530.25,0.9574271077563381,423,2.160246899469287,613.75,2.217355782608345,421,0.816496580927726,302.75,1.2583057392117916,
1646363685.22323,26.875,29.8125,30.125,3728,3654.75,523.25,0.9574271077563381,416,2.581988897471611,606.75,1.2583057392117916,415.5,1.7320508075688772,298.75,0.9574271077563381,
1646363693.254544,26.9375,29.75,30.125,3707,3633.75,515.5,1.9148542155126762,409.25,1.2583057392117916,598.5,1.2909944487358056,410.5,1.7320508075688772,295.25,1.5,
1646363701.28654,26.9375,29.6875,30.0625,3686,3613.75,509,1.8257418583505538,403.75,1.5,590.25,1.707825127659933,405.25,0.9574271077563381,292,0.816496580927726,
1646363709.318636,27.0,29.6875,30.0625,3665,3594.5,499.25,2.362907813126304,398,2.581988897471611,585.25,1.5,400.25,1.707825127659933,288.75,0.9574271077563381,
1646363717.351765,27.0625,29.625,30.0625,3644,3573.5,491.75,1.2583057392117916,390.25,3.304037933599835,576.75,0.9574271077563381,394.25,0.9574271077563381,285,0.816496580927726,
1646363725.383911,27.125,29.625,30.125,3623,3554.25,484.25,1.2583057392117916,385,0.816496580927726,569.25,1.5,388,1.1547005383792515,280.5,0.5773502691896257,
1646363733.415358,27.125,29.5625,30.125,3602,3534.25,476.25,2.217355782608345,377.75,0.9574271077563381,561.5,2.3804761428476167,384,0.816496580927726,278.75,0.5,
1646363741.448461,27.0625,29.5625,30.0,3581,3514,470.25,1.5,370.75,1.2583057392117916,555,2.160246899469287,379.25,2.0615528128088303,273.75,1.2583057392117916,
1646363749.48057,26.9375,29.625,29.9375,3560,3493.5,459.75,1.5,363.25,1.5,546.5,1.9148542155126762,375,2.309401076758503,271.25,1.5,
1646363757.512715,26.875,29.625,29.9375,3539,3473.25,452.75,0.5,357.5,1.2909944487358056,540.25,1.5,369.25,1.707825127659933,267.25,1.5,
1646363765.544974,26.75,29.625,29.875,3518,3453.25,445,1.8257418583505538,349.75,2.5,531.25,1.5,363.5,2.3804761428476167,263,1.4142135623730951,
1646363773.576722,26.875,29.5625,30.0,3497,3433,435.5,1.2909944487358056,343.25,1.2583057392117916,522.75,1.707825127659933,358,1.4142135623730951,259.5,0.5773502691896257,
1646363781.608537,26.9375,29.5,30.0,3476,3413,429.75,1.2583057392117916,336.75,1.707825127659933,515.75,0.9574271077563381,353.5,1.2909944487358056,255.5,1.9148542155126762,
1646363789.640586,27.0,29.4375,30.0625,3455,3392.25,420,1.1547005383792515,331,0.816496580927726,507.75,1.5,348.75,1.2583057392117916,251.5,1.2909944487358056,
1646363797.672538,27.0625,29.4375,30.0,3434,3372.5,412.25,0.9574271077563381,324.75,1.707825127659933,499.5,0.5773502691896257,343.5,0.5773502691896257,250,1.1547005383792515,
1646363805.703753,27.0625,29.4375,30.0625,3413,3352.75,403.75,1.2583057392117916,317.25,0.5,491.5,1.0,336,1.4142135623730951,244.25,1.707825127659933,
1646363813.735883,27.0625,29.375,30.0,3392,3332.5,396.5,0.5773502691896257,309.75,2.0615528128088303,484.75,0.9574271077563381,332.25,0.9574271077563381,240.75,0.9574271077563381,
1646363821.768484,27.0625,29.375,30.0,3371,3313.25,388.25,0.5,304.5,0.5773502691896257,477.25,0.9574271077563381,326,0.816496580927726,236.5,1.2909944487358056,
1646363829.800329,27.125,29.375,30.0625,3350,3291.5,380.5,1.2909944487358056,298.5,1.2909944487358056,466,1.1547005383792515,320.25,1.8929694486000912,233.5,0.5773502691896257,
1646363837.831945,27.1875,29.3125,30.0,3329,3272.25,371.75,0.9574271077563381,292.5,2.0816659994661326,459.25,2.0615528128088303,314.75,1.2583057392117916,228.5,1.0,
1646363845.863641,27.1875,29.1875,30.0,3308,3251.25,363.5,2.0816659994661326,285.5,0.5773502691896257,451.75,0.9574271077563381,309.25,0.5,226.5,1.0,
1646363853.895436,27.1875,29.1875,30.0,3287,3232.25,356.5,2.0816659994661326,278.75,1.2583057392117916,444.5,1.7320508075688772,304.25,0.9574271077563381,221.25,0.5,
1646363861.926517,27.1875,29.1875,30.0,3266,3212,348.5,1.7320508075688772,273.75,0.9574271077563381,436,1.8257418583505538,299,1.4142135623730951,217.5,0.5773502691896257,
1646363869.958299,27.25,29.1875,30.0625,3245,3191,342.5,1.0,267.75,1.5,426.75,1.8929694486000912,293.75,0.5,213.5,0.5773502691896257,
1646363877.990146,27.25,29.125,30.0,3224,3170.75,333.5,1.2909944487358056,261.5,0.5773502691896257,420.25,0.5,287,0.816496580927726,210.25,0.9574271077563381,
1646363886.022302,27.25,29.125,29.9375,3203,3151,326.25,1.707825127659933,255.5,2.0816659994661326,411.75,0.5,282.25,0.9574271077563381,206.25,0.9574271077563381,
1646363894.054037,27.1875,29.1875,29.875,3182,3130.75,318.5,0.5773502691896257,249.75,2.0615528128088303,404.75,1.707825127659933,276.5,1.7320508075688772,202.75,1.2583057392117916,
1646363902.085755,27.1875,29.25,29.875,3161,3111.25,313.25,0.9574271077563381,244,0.816496580927726,395.75,1.707825127659933,271.25,1.707825127659933,199.5,0.5773502691896257,
1646363910.117863,27.1875,29.25,29.9375,3140,3090.75,305.75,0.5,238.75,2.217355782608345,388.5,1.2909944487358056,266.25,0.5,194.75,0.9574271077563381,
1646363918.149629,27.125,29.3125,30.0,3119,3070.5,299.75,1.5,233.25,0.9574271077563381,380.5,0.5773502691896257,261.75,0.5,191.25,0.9574271077563381,
1646363926.181974,27.0625,29.3125,30.0,3098,3050.75,292.5,1.0,228.25,0.9574271077563381,373,0.816496580927726,255.25,0.9574271077563381,188,0.0,
1646363934.214203,27.125,29.3125,30.0,3077,3031,286.75,0.9574271077563381,224.5,0.5773502691896257,364.75,0.9574271077563381,249.75,1.5,183.75,0.5,
1646363942.246316,27.1875,29.125,30.0,3056,3010.5,281.25,0.9574271077563381,219.75,0.9574271077563381,358.25,0.9574271077563381,244.5,0.5773502691896257,179.75,1.2583057392117916,
1646363950.278294,27.1875,29.125,30.0,3035,2990.5,275,2.160246899469287,214.75,0.9574271077563381,350.75,1.5,238.75,0.9574271077563381,176.25,0.9574271077563381,
1646363958.309195,27.1875,29.1875,29.9375,3014,2970.25,269.25,0.9574271077563381,211,0.816496580927726,344.25,0.9574271077563381,235.25,1.2583057392117916,172.75,0.9574271077563381,
1646363966.340427,27.1875,29.125,30.0,2993,2949.5,265.75,1.5,207.5,1.9148542155126762,337.75,0.5,229,1.1547005383792515,168.25,0.5,
1646363974.372252,27.125,29.1875,29.875,2972,2929.75,260.25,1.5,203.25,0.5,329.25,1.2583057392117916,224.75,0.9574271077563381,166.25,0.5,
1646363982.399073,27.125,29.25,29.9375,2951,2909.5,255.75,0.5,201,1.4142135623730951,323.5,1.2909944487358056,218.5,1.2909944487358056,161,0.816496580927726,
1646363990.424657,27.0,29.25,29.8125,2930,2889.5,252.5,1.0,196.75,1.5,317.5,0.5773502691896257,214.5,1.0,158.75,0.5,
1646363998.455946,27.0625,29.1875,29.9375,2909,2869.25,248,0.816496580927726,194,0.816496580927726,312,1.1547005383792515,210,2.0,154.25,0.9574271077563381,
1646364006.487508,27.0625,29.25,29.875,2888,2849,244.75,0.9574271077563381,192.25,1.8929694486000912,304.75,1.5,206,1.1547005383792515,151,0.0,
1646364014.519394,27.0625,29.25,29.875,2867,2829.75,241.5,1.2909944487358056,191,1.8257418583505538,299,0.816496580927726,201.75,1.2583057392117916,148.75,1.5,
1646364022.550993,27.0,29.3125,29.8125,2846,2809.75,239,1.4142135623730951,188.75,1.5,295,0.816496580927726,198,0.816496580927726,145,0.816496580927726,
1646364030.582484,26.9375,29.3125,29.875,2825,2788.75,238.25,1.2583057392117916,188.75,1.2583057392117916,289.5,1.0,193.25,1.2583057392117916,142.75,0.9574271077563381,
1646364038.613862,26.875,29.3125,29.75,2804,2769,235,2.160246899469287,188.25,0.9574271077563381,284.75,0.5,189,0.0,139.5,0.5773502691896257,
1646364046.646463,26.875,29.375,29.75,2783,2749.25,234.5,1.0,184.5,1.7320508075688772,281,0.0,185.25,0.9574271077563381,136.5,0.5773502691896257,
1646364054.67895,26.8125,29.375,29.75,2762,2728.5,233.75,1.5,186,0.0,276.25,0.5,181.25,0.5,132.75,0.5,
1646364062.710993,26.75,29.4375,29.6875,2741,2708.75,232.5,1.2909944487358056,184.25,0.9574271077563381,272.5,1.0,178.5,1.0,131,0.816496580927726,
1646364070.741668,26.75,29.5,29.75,2720,2688.25,233.25,1.5,185.75,1.5,269.75,0.5,176.75,0.5,129.5,1.2909944487358056,
1646364078.772761,26.625,29.4375,29.75,2699,2668.25,233,1.4142135623730951,187,0.816496580927726,265.75,0.5,173.75,0.5,126.25,1.2583057392117916,
1646364086.803479,26.5,29.4375,29.6875,2678,2648.25,234,2.160246899469287,186.5,0.5773502691896257,263.25,1.2583057392117916,170.75,0.5,124,0.816496580927726,
1646364094.834902,26.5625,29.5,29.6875,2657,2627.75,235,1.8257418583505538,190.25,0.9574271077563381,261.5,1.2909944487358056,168.75,0.5,122,1.4142135623730951,
1646364102.866488,26.4375,29.4375,29.6875,2636,2608,235.25,1.707825127659933,189.75,1.5,258.5,1.9148542155126762,166.25,1.2583057392117916,121,0.816496580927726,
1646364110.898445,26.3125,29.4375,29.625,2615,2587.25,237.25,0.9574271077563381,192.75,1.2583057392117916,257.75,0.9574271077563381,164,0.816496580927726,118.5,0.5773502691896257,
1646364118.93015,26.3125,29.4375,29.625,2594,2567.75,240.25,0.5,195.5,0.5773502691896257,255.5,0.5773502691896257,162.75,1.2583057392117916,115.25,1.2583057392117916,
1646364126.9623,26.3125,29.5,29.6875,2573,2547.5,242.75,1.707825127659933,197.5,1.0,254.5,1.2909944487358056,161.5,1.2909944487358056,115.5,0.5773502691896257,
1646364134.994198,26.3125,29.5,29.6875,2552,2527.25,245.5,2.0816659994661326,200,0.816496580927726,253.25,1.8929694486000912,160,1.8257418583505538,113.25,0.9574271077563381,
1646364143.026022,26.375,29.5625,29.6875,2531,2507.5,248,0.816496580927726,202.5,1.0,252.25,2.0615528128088303,159.25,0.9574271077563381,112.5,0.5773502691896257,
1646364151.057732,26.4375,29.5,29.75,2510,2487,252.75,1.8929694486000912,207,0.816496580927726,251.5,1.2909944487358056,159.25,0.5,110.75,1.2583057392117916,
1646364159.09,26.5,29.5625,29.6875,2489,2467.5,255.25,2.217355782608345,210.75,1.2583057392117916,251.5,1.0,159,0.816496580927726,111,0.816496580927726,
1646364167.122075,26.5,29.5625,29.6875,2468,2447,259.75,0.9574271077563381,212.75,1.5,252,0.816496580927726,158.25,1.5,109.75,0.5,
1646364175.155093,26.4375,29.5,29.6875,2447,2426.5,264,1.4142135623730951,217,1.632993161855452,252.25,1.707825127659933,158,1.1547005383792515,108.75,1.707825127659933,
1646364183.18648,26.4375,29.5,29.625,2426,2407,269.75,0.5,223.75,1.2583057392117916,250.75,0.9574271077563381,157.75,1.2583057392117916,109.5,1.2909944487358056,
1646364191.218213,26.4375,29.5,29.625,2405,2386.75,273.5,1.2909944487358056,227,0.816496580927726,252.25,0.5,160.25,0.9574271077563381,108.75,0.5,
1646364199.250188,26.3125,29.5,29.5625,2384,2366.5,278.75,0.9574271077563381,231.25,1.707825127659933,254,1.1547005383792515,159.75,0.5,110.25,0.9574271077563381,
1646364207.282907,26.25,29.4375,29.5,2363,2346.5,283.5,1.0,236.5,1.2909944487358056,255,0.816496580927726,161.75,0.5,110.25,0.9574271077563381,
1646364215.314097,26.1875,29.4375,29.5,2342,2326.75,288.25,0.5,240,1.8257418583505538,257,1.4142135623730951,162.75,1.2583057392117916,109.75,1.5,
1646364223.345816,26.125,29.375,29.375,2321,2305.5,295,0.0,246.75,0.9574271077563381,258.75,0.9574271077563381,165.5,0.5773502691896257,110.25,0.9574271077563381,
1646364231.377477,26.0,29.375,29.375,2300,2286,301.75,1.707825127659933,251.5,1.0,260.25,0.9574271077563381,167.5,1.0,111,1.4142135623730951,
1646364239.409593,26.0,29.375,29.3125,2279,2265.5,307,2.8284271247461903,257.5,2.886751345948129,262.5,1.2909944487358056,168,0.0,112,1.1547005383792515,
1646364247.441293,26.0,29.375,29.3125,2258,2245.5,312.5,1.7320508075688772,263.75,1.707825127659933,265.25,2.217355782608345,170.5,1.2909944487358056,113.5,0.5773502691896257,
1646364255.473829,26.0,29.375,29.375,2237,2225.5,319.75,2.0615528128088303,266.75,1.5,268.25,1.2583057392117916,172,0.816496580927726,114.75,0.9574271077563381,
1646364263.505209,26.0,29.4375,29.375,2216,2205,325.75,1.5,273.75,0.9574271077563381,271.25,1.2583057392117916,174.5,0.5773502691896257,114.25,2.5,
1646364271.537224,26.0,29.4375,29.4375,2195,2184.5,333.5,1.2909944487358056,280.25,0.9574271077563381,272.75,0.5,178,0.816496580927726,115.5,1.7320508075688772,
1646364279.56922,26.0625,29.4375,29.5,2174,2164.75,341,0.816496580927726,286.5,1.7320508075688772,277.25,0.9574271077563381,179.75,0.5,118,0.816496580927726,
1646364287.601098,26.0625,29.4375,29.5,2153,2145,345.25,0.9574271077563381,290.75,1.707825127659933,280.5,1.2909944487358056,182.75,1.2583057392117916,119.5,1.2909944487358056,
1646364295.634081,26.125,29.4375,29.5625,2132,2124.75,352.5,1.0,299,0.816496580927726,284.5,0.5773502691896257,185.75,0.9574271077563381,121.5,0.5773502691896257,
1646364303.665893,26.125,29.4375,29.5625,2111,2104.25,359.75,2.0615528128088303,304.75,1.707825127659933,288,0.816496580927726,190,0.816496580927726,124,0.816496580927726,
1646364311.697785,26.125,29.5,29.5,2090,2083.5,368.25,1.8929694486000912,309.5,0.5773502691896257,293,0.816496580927726,193.75,0.5,126,0.816496580927726,
1646364319.729791,26.125,29.5,29.5625,2069,2063.5,376.75,1.2583057392117916,315.75,2.6299556396765835,298.5,0.5773502691896257,196,0.816496580927726,127.5,0.5773502691896257,
1646364327.76168,26.125,29.5,29.5625,2048,2044,381.75,1.8929694486000912,321,1.4142135623730951,302.75,0.5,200.75,1.2583057392117916,129.75,1.2583057392117916,
1646364335.793405,26.125,29.5,29.5625,2027,2023.25,389.75,1.5,327.25,0.5,306.75,0.5,203.75,0.9574271077563381,132.75,1.707825127659933,
1646364343.825515,26.0625,29.4375,29.5,2006,2003,396,0.816496580927726,334.75,2.217355782608345,314,1.4142135623730951,207.5,1.7320508075688772,135,0.816496580927726,
1646364351.857037,26.0,29.4375,29.5,1985,1983.5,404.75,2.217355782608345,339.75,0.5,318.5,1.0,212.25,1.8929694486000912,136,0.816496580927726,
1646364359.888894,26.0,29.4375,29.5,1964,1964,411,1.8257418583505538,346.5,1.2909944487358056,324.25,2.0615528128088303,217.25,0.9574271077563381,139.75,0.5,
1646364367.921524,25.875,29.4375,29.4375,1943,1943.5,419,1.632993161855452,354,1.8257418583505538,330.25,1.707825127659933,220,1.1547005383792515,143.5,0.5773502691896257,
1646364375.953276,26.0,29.375,29.5,1922,1923.25,426,0.816496580927726,359,0.816496580927726,335.25,0.5,225.25,1.2583057392117916,144.5,1.2909944487358056,
1646364383.985174,26.0625,29.4375,29.5,1901,1903.5,436.25,0.9574271077563381,365.75,1.707825127659933,342,1.4142135623730951,229.5,1.7320508075688772,147.25,1.707825127659933,
1646364392.017598,26.125,29.5,29.5,1880,1883.25,440.75,0.5,371,1.632993161855452,348.25,1.2583057392117916,233.5,1.2909944487358056,150.75,1.2583057392117916,
1646364400.049603,26.125,29.5,29.5625,1859,1863,449.5,1.7320508075688772,379.5,1.2909944487358056,355,1.632993161855452,238,0.816496580927726,153.75,1.2583057392117916,
1646364408.081938,26.0,29.5,29.5,1838,1842.75,458,2.0,383.5,2.3804761428476167,361,0.0,242.5,1.2909944487358056,156.25,0.9574271077563381,
1646364416.114035,26.0,29.5,29.5,1817,1822.25,464.5,1.2909944487358056,390.5,1.2909944487358056,370,1.4142135623730951,248.25,1.2583057392117916,160,0.816496580927726,
1646364424.145838,26.0625,29.5,29.5,1796,1802.75,471,0.816496580927726,394.5,1.2909944487358056,376.25,0.9574271077563381,252,0.816496580927726,162,1.1547005383792515,
1646364432.177491,26.125,29.5625,29.5625,1775,1782.75,480.25,1.707825127659933,401.75,0.9574271077563381,384,1.4142135623730951,256.25,2.0615528128088303,166.25,0.5,
1646364440.209503,26.125,29.4375,29.5625,1754,1761.5,487.25,1.2583057392117916,408.25,0.5,390,0.816496580927726,263,0.816496580927726,169.25,0.9574271077563381,
1646364448.241103,26.125,29.4375,29.5625,1733,1742,494.5,1.7320508075688772,414.25,2.0615528128088303,398,2.449489742783178,266.25,0.5,172.75,0.9574271077563381,
1646364456.273135,26.0625,29.375,29.5,1712,1722,502.5,1.2909944487358056,422,2.160246899469287,405.75,1.5,271.5,1.7320508075688772,175,1.4142135623730951,
1646364464.304998,26.0625,29.375,29.5,1691,1701.25,507.5,1.0,426,1.8257418583505538,411.75,1.707825127659933,275.5,0.5773502691896257,178.5,2.3804761428476167,
1646364472.337402,26.125,29.375,29.5625,1670,1680.75,517,1.1547005383792515,434.75,0.5,419.25,1.707825127659933,280.5,2.3804761428476167,182,0.816496580927726,
1646364480.370541,26.125,29.375,29.5625,1649,1660.75,525,1.8257418583505538,438.75,2.217355782608345,427.75,2.217355782608345,285.75,1.5,185.5,0.5773502691896257,
1646364488.40245,26.125,29.3125,29.5,1628,1640.75,531,0.816496580927726,444.5,3.1091263510296048,435.5,2.3804761428476167,289.5,0.5773502691896257,187.25,0.9574271077563381,
1646364496.434367,26.125,29.375,29.4375,1607,1621.25,537.75,0.9574271077563381,450.75,1.5,442.5,1.2909944487358056,297.25,0.5,191.75,0.5,
1646364504.465742,26.25,29.4375,29.5,1586,1601.25,545.25,0.9574271077563381,455.5,1.2909944487358056,450.25,1.2583057392117916,300.5,0.5773502691896257,195.25,1.707825127659933,
1646364512.497822,26.125,29.375,29.5,1565,1580.75,552.5,1.7320508075688772,463,2.581988897471611,459.75,0.9574271077563381,307.25,1.707825127659933,199,1.4142135623730951,
1646364520.529532,26.0,29.375,29.4375,1544,1561,560.5,2.6457513110645907,467,2.160246899469287,465.25,1.2583057392117916,311,0.816496580927726,202.5,1.2909944487358056,
1646364528.560852,25.9375,29.375,29.375,1523,1540.25,567.25,2.217355782608345,473.75,1.5,473.25,0.5,315.25,1.2583057392117916,205.5,1.2909944487358056,
1646364536.592893,26.0,29.4375,29.4375,1502,1520,573.5,2.6457513110645907,480.5,1.2909944487358056,481.5,1.7320508075688772,319.5,1.9148542155126762,210,1.4142135623730951,
1646364544.62435,26.0,29.5,29.4375,1481,1499.75,581.75,0.5,485,2.943920288775949,488.75,0.9574271077563381,327.25,0.5,212.5,0.5773502691896257,
1646364552.655534,26.125,29.4375,29.5,1460,1481,589.5,3.5118845842842465,492.25,0.5,496,0.816496580927726,331.25,1.707825127659933,215.75,0.5,
1646364560.687328,26.0625,29.5,29.5625,1439,1460.25,595.25,2.5,498.25,2.217355782608345,505.25,2.8722813232690143,335,1.632993161855452,218.75,0.9574271077563381,
1646364568.718719,26.125,29.5,29.5625,1418,1440.5,601.75,1.707825127659933,503,2.581988897471611,511,1.4142135623730951,340.75,1.2583057392117916,224.25,0.9574271077563381,
1646364576.751051,26.25,29.5625,29.625,1397,1420.25,608.5,1.7320508075688772,509.25,1.707825127659933,519.5,0.5773502691896257,346,1.1547005383792515,227,1.4142135623730951,
1646364584.782868,26.1875,29.5625,29.625,1376,1400,617.75,1.2583057392117916,513.75,0.9574271077563381,526,2.449489742783178,351.5,1.2909944487358056,231,0.816496580927726,
1646364592.814537,26.3125,29.5625,29.75,1355,1380,622.25,1.8929694486000912,519,0.816496580927726,533.25,0.9574271077563381,356.75,1.8929694486000912,234,1.1547005383792515,
1646364600.845621,26.375,29.5625,29.75,1334,1358.75,629.25,2.217355782608345,526.25,1.707825127659933,542.75,1.5,361,1.1547005383792515,237.5,1.7320508075688772,
1646364608.877696,26.4375,29.625,29.75,1313,1338.75,635.75,2.5,530.25,2.8722813232690143,548,1.8257418583505538,367,1.8257418583505538,242,1.1547005383792515,
1646364616.90912,26.4375,29.625,29.8125,1292,1318.25,643.5,1.2909944487358056,536.25,2.753785273643051,555.5,0.5773502691896257,370.75,0.5,245.25,1.707825127659933,
1646364624.94103,26.375,29.625,29.75,1271,1299.5,648.75,1.5,543,2.160246899469287,563.5,1.2909944487358056,374.75,0.5,249.25,0.5,
1646364632.972909,26.3125,29.625,29.6875,1250,1279,656.75,1.8929694486000912,547.25,1.707825127659933,570.5,2.0816659994661326,382.25,0.9574271077563381,252.25,0.9574271077563381,
1646364641.004833,26.3125,29.625,29.625,1229,1258.75,661.75,2.362907813126304,551.75,2.5,578.75,2.5,386,0.816496580927726,254.75,1.2583057392117916,
1646364649.034638,26.1875,29.625,29.5625,1208,1238.75,669.75,1.707825127659933,556.25,1.707825127659933,587.5,1.2909944487358056,392.75,0.9574271077563381,259.25,1.8929694486000912,
1646364657.067049,26.1875,29.625,29.625,1187,1218.25,675.25,3.304037933599835,562.25,1.8929694486000912,594.5,1.2909944487358056,396,1.4142135623730951,263,0.816496580927726,
1646364665.099373,26.25,29.6875,29.625,1166,1198.5,680.5,1.2909944487358056,567.75,1.2583057392117916,602.75,1.2583057392117916,401,0.816496580927726,267.25,0.5,
1646364673.131524,26.25,29.6875,29.6875,1145,1178,687.75,1.5,575.25,2.6299556396765835,609.25,1.8929694486000912,406.25,1.2583057392117916,270.5,0.5773502691896257,
1646364681.163706,26.25,29.6875,29.6875,1124,1158,691.75,1.2583057392117916,579.75,2.9860788111948193,615,0.816496580927726,411.75,0.5,274.25,1.707825127659933,
1646364689.195682,26.25,29.6875,29.625,1103,1138,699.5,1.9148542155126762,584,1.8257418583505538,622,1.4142135623730951,416.25,1.5,278,0.816496580927726,
1646364697.227889,26.25,29.75,29.6875,1082,1117.5,708.5,3.3166247903554,589.75,0.9574271077563381,631.25,0.5,422.25,0.9574271077563381,281,1.8257418583505538,
1646364705.260159,26.375,29.75,29.8125,1061,1097.5,712.75,2.753785273643051,594.25,0.9574271077563381,635.75,1.707825127659933,426,2.160246899469287,284.75,0.9574271077563381,
1646364713.292672,26.4375,29.8125,29.875,1040,1078,719.25,2.217355782608345,600.75,2.5,643,1.8257418583505538,429.5,1.0,287.75,0.9574271077563381,
1646364721.324542,26.5,29.75,29.9375,1019,1057.5,725.75,3.947573094109004,605,1.8257418583505538,650.25,2.217355782608345,434.75,2.0615528128088303,291.5,1.0,
1646364729.356511,26.5625,29.75,29.875,998,1037.75,730.75,1.707825127659933,609,2.943920288775949,659,1.1547005383792515,440,1.4142135623730951,294.75,0.5,
1646364737.388546,26.5625,29.75,29.9375,977,1017,738.25,2.217355782608345,617.5,2.3804761428476167,662.75,0.5,445,1.4142135623730951,298.5,1.0,
1646364745.420022,26.5625,29.8125,30.0,956,997.75,745,1.8257418583505538,619.75,1.5,670.75,1.5,449.5,1.7320508075688772,301.25,0.5,
1646364753.452524,26.625,29.8125,30.0,935,977.25,749.25,2.0615528128088303,625.25,1.8929694486000912,677.5,1.0,454.5,1.2909944487358056,305.75,1.5,
1646364761.483718,26.5625,29.8125,30.0,914,956.5,755.25,3.685557397915997,630.25,1.8929694486000912,682.5,1.7320508075688772,458.25,2.0615528128088303,309.75,1.8929694486000912,
1646364769.515725,26.5625,29.875,30.0,893,936.5,759.5,2.886751345948129,637.5,1.0,690,2.309401076758503,462.75,1.8929694486000912,312.75,1.5,
1646364777.548669,26.5,29.875,30.0,872,917,767.75,2.8722813232690143,639.25,0.9574271077563381,696.75,2.9860788111948193,469.5,2.6457513110645907,316.5,1.2909944487358056,
1646364785.581089,26.5,29.875,30.0625,851,896.5,772,4.69041575982343,643.5,2.516611478423583,703.75,0.9574271077563381,472.25,0.5,320,2.0,
1646364793.612774,26.5625,29.9375,30.0625,830,876,777.25,1.707825127659933,648,0.816496580927726,709,1.632993161855452,476.5,1.2909944487358056,323.25,0.9574271077563381,
1646364801.644805,26.5,29.9375,30.0625,809,856.75,783.25,1.2583057392117916,654.5,2.6457513110645907,716.5,3.0,481.25,2.217355782608345,325,0.816496580927726,
1646364809.675804,26.5625,29.875,30.0625,788,836.25,788.75,3.593976442141304,658.75,2.8722813232690143,722,1.4142135623730951,485.5,1.2909944487358056,330,1.632993161855452,
1646364817.707515,26.5625,29.875,30.0625,767,816,793.25,1.707825127659933,663.25,1.2583057392117916,729,1.8257418583505538,490.5,0.5773502691896257,332.5,1.7320508075688772,
1646364825.739568,26.4375,29.8125,30.0,746,796,801.25,1.707825127659933,669.75,2.8722813232690143,736,2.160246899469287,493.25,1.8929694486000912,335.25,1.8929694486000912,
1646364833.771206,26.4375,29.8125,29.9375,725,776.25,807.25,1.2583057392117916,672.75,1.5,740,3.559026084010437,497.5,2.3804761428476167,339,1.4142135623730951,
1646364841.801646,26.5,29.875,29.9375,704,755.25,811.5,3.0,679.75,1.8929694486000912,746.75,2.217355782608345,504.5,1.2909944487358056,342.5,1.0,
1646364849.83372,26.5,29.875,29.9375,683,735,820,2.0,680.5,2.3804761428476167,754,2.160246899469287,507.75,2.0615528128088303,345.5,1.7320508075688772,
1646364857.864701,26.5,29.8125,29.9375,662,715,824.5,2.6457513110645907,686.25,0.9574271077563381,761.5,2.3804761428476167,512.5,3.0,347,0.816496580927726,
1646364865.897769,26.375,29.8125,29.9375,641,694.75,827.5,1.9148542155126762,692.5,3.1091263510296048,766.75,1.8929694486000912,516.75,1.707825127659933,351.25,2.0615528128088303,
1646364873.929566,26.25,29.8125,29.875,620,675,835.75,0.5,694.5,3.1091263510296048,769.5,1.2909944487358056,521.25,1.5,353.5,1.9148542155126762,
1646364881.961698,26.375,29.8125,29.8125,599,655.25,838.25,3.774917217635375,701.5,3.1091263510296048,776.25,1.8929694486000912,525.75,2.753785273643051,358,1.4142135623730951,
1646364889.994058,26.375,29.875,29.875,578,635.25,844.25,3.2015621187164243,704.75,2.217355782608345,784.75,0.5,531,1.4142135623730951,362.25,1.2583057392117916,
1646364898.025838,26.4375,29.875,30.0,557,614.75,849.25,2.0615528128088303,709.25,2.9860788111948193,789.5,2.3804761428476167,533.75,0.9574271077563381,364,1.1547005383792515,
1646364906.057815,26.5,29.875,30.0625,536,593.5,855.25,2.753785273643051,715,2.160246899469287,793.25,2.217355782608345,537.5,2.3804761428476167,367.25,0.9574271077563381,
1646364914.090129,26.625,29.8125,30.125,515,574,859,0.0,719.75,2.753785273643051,800.25,2.753785273643051,543.75,2.6299556396765835,369,0.0,
1646364922.122908,26.6875,29.8125,30.125,494,554.25,864.5,1.9148542155126762,722.25,4.272001872658765,805.25,2.6299556396765835,544.75,1.707825127659933,374.5,1.9148542155126762,
1646364930.154933,26.75,29.75,30.125,473,534.5,871,3.4641016151377544,729.25,3.8622100754188224,811,0.0,550.5,0.5773502691896257,376.25,2.217355782608345,
1646364938.187024,26.8125,29.8125,30.125,452,514,876.25,2.217355782608345,729.5,2.3804761428476167,815.75,0.5,552.5,1.2909944487358056,380,1.1547005383792515,
1646364946.218687,26.8125,29.8125,30.1875,431,494.25,878.5,0.5773502691896257,734.5,0.5773502691896257,823.75,1.2583057392117916,560.5,1.2909944487358056,383,1.8257418583505538,
1646364954.250128,26.875,29.75,30.25,410,474,885.5,2.516611478423583,739,2.449489742783178,831,2.449489742783178,562.5,1.9148542155126762,387,0.816496580927726,
1646364962.281696,26.9375,29.6875,30.25,389,453.25,888.5,1.0,745.25,2.6299556396765835,836.75,1.8929694486000912,566.75,1.707825127659933,388.75,1.707825127659933,
1646364970.313108,27.0,29.6875,30.25,368,433,895.75,2.8722813232690143,748.75,3.4034296427770228,839,3.6514837167011076,570.25,1.5,392,1.8257418583505538,
1646364978.345486,27.0,29.75,30.25,347,413.5,899.25,1.2583057392117916,753.5,1.7320508075688772,846.75,2.362907813126304,575.25,1.707825127659933,394.75,1.707825127659933,
1646364986.377973,27.0625,29.8125,30.25,326,393,904.75,1.2583057392117916,757.5,2.3804761428476167,851,2.160246899469287,578.5,2.0816659994661326,398.25,0.9574271077563381,
1646364994.410282,27.0625,29.8125,30.3125,305,372.75,908.75,3.095695936834452,762.5,2.6457513110645907,858,3.559026084010437,581.25,2.753785273643051,399.5,1.0,
1646365002.442217,27.0625,29.8125,30.3125,284,353,916,2.449489742783178,769.25,2.362907813126304,860.75,1.8929694486000912,585.5,1.7320508075688772,404.75,1.2583057392117916,
1646365010.473967,27.0625,29.875,30.25,263,332.75,919.5,3.696845502136472,771.5,4.123105625617661,867.25,3.8622100754188224,589.5,1.9148542155126762,406.75,1.5,
1646365018.505884,26.875,29.8125,30.1875,242,313.25,925.75,2.9860788111948193,773.25,1.8929694486000912,872.5,2.6457513110645907,593.25,0.5,409.25,2.0615528128088303,
1646365026.53798,26.75,29.8125,30.1875,221,293,929.75,3.593976442141304,778.25,1.8929694486000912,877.5,2.6457513110645907,599,1.8257418583505538,412.5,0.5773502691896257,
1646365034.56984,26.75,29.875,30.125,171,256.75,937,2.70801280154532,784.25,2.217355782608345,886,0.816496580927726,604,1.1547005383792515,416.5,1.7320508075688772,
1646365042.601457,26.75,29.9375,30.125,221,293,929.25,2.6299556396765835,779.5,1.9148542155126762,875.75,2.362907813126304,598.25,1.5,414,2.160246899469287,
1646365050.633611,26.75,29.9375,30.125,242,313,927.5,3.3166247903554,773.5,2.0816659994661326,871,0.816496580927726,594,2.160246899469287,408.25,2.6299556396765835,
1646365058.665073,26.6875,29.9375,30.125,263,332.5,917.5,1.2909944487358056,770.75,1.707825127659933,864.5,1.2909944487358056,589,0.816496580927726,407,1.632993161855452,
1646365066.696462,26.625,29.9375,30.125,284,352.75,913.75,2.8722813232690143,765,1.632993161855452,862,2.8284271247461903,585,1.1547005383792515,404,1.4142135623730951,
1646365074.727584,26.5625,29.9375,30.125,305,373.25,909.75,3.2015621187164243,761.75,2.0615528128088303,855.75,3.4034296427770228,582,1.4142135623730951,401.25,0.9574271077563381,
1646365082.759319,26.5,29.9375,30.125,326,393.75,905.5,3.696845502136472,757.75,0.9574271077563381,849,2.943920288775949,578,2.160246899469287,398.5,1.9148542155126762,
1646365090.791075,26.5625,29.9375,30.125,347,413,899,3.1622776601683795,753.75,2.9860788111948193,845.25,1.8929694486000912,574,2.581988897471611,394.5,2.0816659994661326,
1646365098.822933,26.625,30.0,30.125,368,432.75,895,2.160246899469287,749.25,3.8622100754188224,840.5,4.509249752822894,570.5,1.2909944487358056,392.5,1.2909944487358056,
1646365106.853861,26.625,30.0,30.0625,389,453.5,890.5,4.795831523312719,746.25,3.774917217635375,834.75,2.0615528128088303,565.5,1.9148542155126762,389.25,2.217355782608345,
1646365114.885796,26.5625,30.0,30.0625,410,474,886.5,1.2909944487358056,738.75,2.0615528128088303,828.75,0.5,562,1.4142135623730951,385.75,2.217355782608345,
1646365122.918787,26.5625,30.0,30.0625,431,493.5,879.25,3.095695936834452,735.25,2.217355782608345,821,3.9157800414902435,559.75,1.2583057392117916,383.25,1.5,
1646365130.950898,26.5,30.0,30.0,452,514.75,874.5,2.0816659994661326,731,2.581988897471611,815.25,2.0615528128088303,554,1.1547005383792515,380.75,0.9574271077563381,
1646365138.982644,26.4375,29.9375,30.0,473,534.75,870.75,2.753785273643051,726.5,1.0,810.5,2.516611478423583,548.75,0.9574271077563381,377.75,2.9860788111948193,
1646365147.015238,26.5,30.0,30.0625,494,554.25,864.25,1.707825127659933,723,2.8284271247461903,806,1.632993161855452,545.25,1.2583057392117916,374.5,1.2909944487358056,
1646365155.047796,26.5,30.0,30.0625,515,574.5,858,3.8297084310253524,718.25,1.5,797.25,0.9574271077563381,544.75,1.707825127659933,369.75,0.9574271077563381,
1646365163.079845,26.5625,30.0,30.0,536,594.5,854.25,0.9574271077563381,712,2.160246899469287,792.75,2.217355782608345,539.5,1.7320508075688772,368.75,0.5,
1646365171.111769,26.5625,30.0,30.0,557,614.5,846,3.1622776601683795,709.75,2.6299556396765835,786.75,2.8722813232690143,533.5,2.3804761428476167,365.5,2.3804761428476167,
1646365179.143426,26.5625,30.0,30.0,578,634.25,841.75,3.4034296427770228,704.5,3.0,781.25,2.0615528128088303,530.25,0.9574271077563381,361.75,0.5,
1646365187.175223,26.5625,30.0625,30.0625,599,655,839,2.8284271247461903,698.75,1.2583057392117916,777.5,1.7320508075688772,525.5,1.7320508075688772,359,1.4142135623730951,
1646365195.205668,26.5,30.0625,30.0625,620,675,830.25,2.753785273643051,695,4.546060565661952,769.75,2.362907813126304,519.75,1.2583057392117916,355.25,1.707825127659933,
1646365203.237297,26.625,30.0625,30.0625,641,694.75,825.25,3.947573094109004,690.75,2.8722813232690143,764.75,0.9574271077563381,518.25,1.5,353,0.816496580927726,
1646365211.269534,26.5625,30.0625,30.0625,662,715.75,819.75,2.217355782608345,686,2.943920288775949,759.25,3.304037933599835,513,1.4142135623730951,350.5,1.2909944487358056,
1646365219.301277,26.5625,30.0625,30.125,683,735.5,815.75,1.707825127659933,680.75,2.8722813232690143,751.75,2.217355782608345,508.5,1.7320508075688772,345.25,2.6299556396765835,
1646365227.333271,26.625,30.0625,30.125,704,756,811.25,1.2583057392117916,677,3.1622776601683795,744.5,1.9148542155126762,504.25,2.0615528128088303,343.25,1.2583057392117916,
1646365235.365287,26.5625,30.125,30.125,725,775.75,803.25,1.2583057392117916,672.75,2.0615528128088303,738.5,2.3804761428476167,500.5,1.7320508075688772,339.5,1.2909944487358056,
1646365243.39748,26.5,30.0625,30.125,746,796.25,798.5,1.9148542155126762,668.75,0.5,734.25,1.5,495.5,0.5773502691896257,336,1.1547005383792515,
1646365251.429224,26.5625,30.125,30.1875,767,815.75,791.75,1.2583057392117916,663,3.7416573867739413,728,1.4142135623730951,491,1.4142135623730951,332.5,1.7320508075688772,
1646365259.460833,26.625,30.0625,30.1875,788,836.75,786,2.581988897471611,659.5,1.7320508075688772,719.5,1.0,485,1.4142135623730951,331.25,0.9574271077563381,
1646365267.492119,26.625,30.125,30.125,809,855.5,780.25,2.5,654.25,1.707825127659933,713.75,1.8929694486000912,482,0.0,326.5,1.2909944487358056,
1646365275.524108,26.625,30.125,30.0625,830,876.5,773.5,3.415650255319866,649.25,1.2583057392117916,708.25,3.095695936834452,479,1.1547005383792515,322.75,2.0615528128088303,
1646365283.556467,26.625,30.125,30.125,851,897,768.75,2.0615528128088303,644.25,1.5,699.75,1.2583057392117916,472.75,2.217355782608345,319.5,1.2909944487358056,
1646365291.588089,26.625,30.125,30.1875,872,916.75,763.75,2.217355782608345,638.75,2.9860788111948193,697.75,1.707825127659933,468.25,2.217355782608345,316.75,0.9574271077563381,
1646365299.619867,26.6875,30.125,30.1875,893,937.5,758.5,1.7320508075688772,632,1.4142135623730951,687.5,2.6457513110645907,464,2.0,311.75,0.5,
1646365307.651528,26.625,30.125,30.1875,914,957.25,755,2.70801280154532,629,2.309401076758503,682.5,1.9148542155126762,460.25,2.0615528128088303,310.5,1.2909944487358056,
1646365315.682768,26.625,30.0625,30.25,935,977.25,747.25,2.5,623.5,1.7320508075688772,675.5,1.7320508075688772,454.75,1.707825127659933,306.25,0.9574271077563381,
1646365323.71416,26.6875,30.0625,30.25,956,997,738.25,2.6299556396765835,618.5,1.7320508075688772,669.25,0.9574271077563381,450.5,1.2909944487358056,303.5,1.2909944487358056,
1646365331.746743,26.75,30.125,30.1875,977,1017.25,733.25,3.4034296427770228,614.25,1.2583057392117916,660.5,1.0,445,1.4142135623730951,298.75,1.2583057392117916,
1646365339.778905,26.875,30.125,30.3125,998,1037.25,728.5,3.1091263510296048,609.75,2.217355782608345,656,2.160246899469287,441,2.581988897471611,295.25,1.5,
1646365347.810904,26.9375,30.125,30.3125,1019,1056.75,723,4.08248290463863,603.25,2.362907813126304,648.5,1.7320508075688772,434.5,2.0816659994661326,292.5,1.2909944487358056,
1646365355.843094,26.9375,30.125,30.3125,1040,1078,716.75,2.5,598,2.160246899469287,639.25,0.5,430,1.4142135623730951,290,1.8257418583505538,
1646365363.875206,26.9375,30.125,30.3125,1061,1098,709.75,1.707825127659933,594.5,1.2909944487358056,634,2.160246899469287,427.25,1.707825127659933,285.25,0.9574271077563381,
1646365371.906967,27.0,30.0,30.375,1082,1117.5,705.5,2.0816659994661326,587,2.449489742783178,627.25,1.8929694486000912,422.25,0.5,282.5,1.2909944487358056,
1646365379.939136,27.0,29.875,30.375,1103,1138.75,697.75,1.707825127659933,582.25,1.707825127659933,620.25,1.2583057392117916,415.75,2.6299556396765835,279.75,0.9574271077563381,
1646365387.970882,27.0,29.875,30.25,1124,1158.5,691.5,2.0816659994661326,579.25,2.5,612.75,1.707825127659933,412.25,1.2583057392117916,274.5,1.2909944487358056,
1646365396.004161,27.0,29.8125,30.1875,1145,1178.75,685.75,1.707825127659933,573.5,1.7320508075688772,605.75,1.707825127659933,406.25,0.9574271077563381,272.25,1.707825127659933,
1646365404.035946,26.9375,29.8125,30.1875,1166,1198.25,677.5,1.7320508075688772,568.5,1.7320508075688772,599.5,2.6457513110645907,402.25,1.707825127659933,268.75,0.9574271077563381,
1646365412.066425,27.0,29.8125,30.25,1187,1218.25,672.25,4.645786621588784,562.75,1.5,592.5,2.0816659994661326,398.5,0.5773502691896257,265.75,1.2583057392117916,
1646365420.097827,27.0625,29.8125,30.25,1208,1238.75,667.25,2.0615528128088303,558,0.816496580927726,585,1.632993161855452,392.5,1.0,261.25,1.5,
1646365428.129271,27.0,29.8125,30.1875,1229,1258.75,659,0.816496580927726,553.5,1.0,576.5,1.0,388.5,1.7320508075688772,258.25,1.707825127659933,
1646365436.160508,26.9375,29.875,30.1875,1250,1279.25,652,1.632993161855452,544.5,0.5773502691896257,569,0.816496580927726,382.75,2.0615528128088303,254.5,1.7320508075688772,
1646365444.191835,26.875,29.875,30.1875,1271,1298.75,646.25,1.2583057392117916,542.25,2.753785273643051,561.5,1.9148542155126762,377.75,0.5,251.25,0.9574271077563381,
1646365452.223874,26.875,29.8125,30.125,1292,1319.5,640.25,0.9574271077563381,535.25,2.0615528128088303,554.5,1.7320508075688772,372.5,1.9148542155126762,247,0.816496580927726,
1646365460.254922,26.75,29.875,30.0625,1313,1339.5,634.25,2.217355782608345,531.75,0.9574271077563381,549,2.0,366.75,1.2583057392117916,242.5,0.5773502691896257,
1646365468.28635,26.6875,29.8125,30.0625,1334,1359,628.25,2.217355782608345,523.25,2.5,540,2.160246899469287,363,1.8257418583505538,239.5,1.2909944487358056,
1646365476.317894,26.6875,29.875,30.125,1355,1379,619.5,1.0,518,1.4142135623730951,531.5,0.5773502691896257,358,1.1547005383792515,237,0.0,
1646365484.349529,26.6875,29.875,30.0625,1376,1400,613.75,1.5,515,1.632993161855452,523.75,2.8722813232690143,352,0.816496580927726,232,2.160246899469287,
1646365492.381037,26.6875,29.9375,30.125,1397,1420,605.25,2.217355782608345,508.25,2.6299556396765835,517,1.8257418583505538,346.25,0.9574271077563381,229.25,0.9574271077563381,
1646365500.413059,26.5625,29.875,30.125,1418,1439.5,600.5,1.2909944487358056,501.5,1.7320508075688772,510.25,1.5,341.75,0.5,225.5,0.5773502691896257,
1646365508.443939,26.5,29.9375,30.0625,1439,1460.5,593,2.160246899469287,494,0.816496580927726,499.5,1.0,335.5,0.5773502691896257,222.25,0.5,
1646365516.476229,26.5625,30.0,30.0625,1460,1480.75,585.5,2.0816659994661326,490.25,0.9574271077563381,493.75,2.5,331.75,0.9574271077563381,218.75,0.9574271077563381,
1646365524.508282,26.5,29.9375,30.0,1481,1500,577.75,1.707825127659933,484.5,2.886751345948129,485,1.4142135623730951,326,1.1547005383792515,215.25,1.707825127659933,
1646365532.539723,26.4375,29.9375,30.0,1502,1520.5,571.25,2.217355782608345,478.5,0.5773502691896257,478.75,1.5,322.5,0.5773502691896257,210,0.816496580927726,
1646365540.571674,26.4375,30.0,30.0625,1523,1540.5,563.5,2.516611478423583,472.5,3.1091263510296048,470.75,0.9574271077563381,316,1.4142135623730951,206.5,2.3804761428476167,
1646365548.603447,26.4375,29.9375,30.0625,1544,1561,556,1.4142135623730951,465,0.816496580927726,463.75,0.9574271077563381,311.5,0.5773502691896257,203,0.816496580927726,
1646365556.634793,26.375,30.0,30.0,1565,1580.25,549.5,1.2909944487358056,462,2.449489742783178,456.25,0.9574271077563381,305.5,1.9148542155126762,199.5,0.5773502691896257,
1646365564.665573,26.375,29.9375,30.0625,1586,1601.5,543,1.4142135623730951,454.25,1.8929694486000912,446,1.632993161855452,301.75,0.9574271077563381,195.75,1.707825127659933,
1646365572.697087,26.4375,30.0,30.0625,1607,1621,534.5,1.2909944487358056,448.75,1.707825127659933,439.25,1.2583057392117916,295.5,0.5773502691896257,194.25,1.5,
1646365580.72915,26.4375,30.0,30.0625,1628,1641.25,526.25,1.8929694486000912,444,1.8257418583505538,431,1.4142135623730951,290,1.1547005383792515,188.5,1.2909944487358056,
1646365588.76097,26.4375,30.0,30.0625,1649,1660.25,519.5,2.886751345948129,435.75,3.2015621187164243,424,1.1547005383792515,284,0.816496580927726,185.25,1.707825127659933,
1646365596.802451,26.375,30.0,30.0,1670,1681.5,513.75,1.5,431,2.160246899469287,417.25,0.9574271077563381,279.25,0.5,181.25,1.2583057392117916,
1646365604.833688,26.375,30.0,30.0,1691,1701.75,505.5,2.6457513110645907,423.5,0.5773502691896257,409.25,1.2583057392117916,274.25,1.707825127659933,179,0.816496580927726,
1646365612.865326,26.375,30.0625,30.0,1712,1721.25,496.75,2.6299556396765835,418,2.8284271247461903,402,1.4142135623730951,270.75,0.5,174.5,1.7320508075688772,
1646365620.896055,26.4375,30.0625,30.0625,1733,1741.5,490,2.581988897471611,410.75,1.8929694486000912,394.5,1.2909944487358056,263.75,1.707825127659933,171.75,0.5,
1646365628.927765,26.4375,30.0625,30.0,1754,1762,481,2.160246899469287,406.25,1.707825127659933,387,1.632993161855452,259.5,0.5773502691896257,167.5,1.2909944487358056,
1646365636.959193,26.375,30.0,30.0,1775,1782.5,477,2.160246899469287,398.75,0.5,379.5,2.0816659994661326,255.75,0.9574271077563381,163.25,1.2583057392117916,
1646365644.990449,26.375,30.0,30.0,1796,1801.5,468,1.4142135623730951,393,0.816496580927726,372,1.1547005383792515,249.25,1.707825127659933,161.25,1.5,
1646365653.021881,26.4375,30.0625,30.0,1817,1822.75,459.5,0.5773502691896257,388,0.0,365,2.449489742783178,245.75,0.9574271077563381,158.5,1.2909944487358056,
1646365661.053124,26.5,30.125,30.0625,1838,1842.5,451.25,1.707825127659933,381.5,1.2909944487358056,358.25,1.2583057392117916,239.75,0.9574271077563381,153.75,1.5,
1646365669.084926,26.5625,30.0625,30.0625,1859,1862.75,444.75,2.5,375.25,2.0615528128088303,350.5,1.2909944487358056,236,0.816496580927726,152,0.816496580927726,
1646365677.115993,26.5,30.0,30.0,1880,1882.75,436.75,1.5,366.75,0.5,343.75,0.9574271077563381,230.5,1.2909944487358056,148.75,1.707825127659933,
1646365685.14706,26.4375,30.0,29.9375,1901,1903.25,429.25,2.217355782608345,361.75,1.8929694486000912,339.25,2.217355782608345,226,1.4142135623730951,146.25,0.5,
1646365693.179381,26.375,29.9375,29.875,1922,1923.5,422,2.160246899469287,355,1.1547005383792515,331,0.0,221.5,1.2909944487358056,141,0.816496580927726,
1646365701.210802,26.25,29.9375,29.875,1943,1942.75,415.5,1.2909944487358056,350,0.816496580927726,325.25,1.5,216.5,1.0,139,0.816496580927726,
1646365709.242284,26.25,29.9375,29.875,1964,1963.25,406.25,2.6299556396765835,344,0.0,319.5,1.0,212,1.1547005383792515,136.75,1.2583057392117916,
1646365717.273996,26.25,30.0,29.9375,1985,1983.5,399,0.816496580927726,337.5,1.7320508075688772,313.25,1.2583057392117916,208.25,1.5,133.5,1.2909944487358056,
1646365725.305034,26.25,30.0,29.9375,2006,2003.75,393,1.4142135623730951,329.75,2.362907813126304,308.5,1.2909944487358056,205,0.816496580927726,131.25,1.707825127659933,
1646365733.336615,26.375,30.0,29.875,2027,2023,382.75,1.5,325.5,1.2909944487358056,303,1.4142135623730951,200.5,1.7320508075688772,128.75,1.707825127659933,
1646365741.368412,26.3125,30.0,29.9375,2048,2043,377.75,1.8929694486000912,318.5,1.7320508075688772,298.5,2.0816659994661326,197.25,0.9574271077563381,126,0.0,
1646365749.399831,26.25,30.0,29.875,2069,2064.75,369.5,1.2909944487358056,311.5,2.3804761428476167,293.5,1.0,192.5,1.2909944487358056,123.5,1.9148542155126762,
1646365757.431343,26.1875,30.0,29.875,2090,2084.75,362.75,2.0615528128088303,304.75,1.2583057392117916,289,1.4142135623730951,189,1.4142135623730951,121.25,1.2583057392117916,
1646365765.463162,26.25,30.0,29.875,2111,2105,355.5,1.0,299,0.816496580927726,284.25,1.2583057392117916,185.25,1.2583057392117916,119.75,1.2583057392117916,
1646365773.493737,26.3125,30.0,29.9375,2132,2124.75,348.5,2.3804761428476167,293.75,2.0615528128088303,280,0.816496580927726,182,2.160246899469287,116.5,0.5773502691896257,
1646365781.525742,26.3125,30.0,29.9375,2153,2145.25,340.75,1.8929694486000912,286.75,0.9574271077563381,276.75,0.9574271077563381,177,0.816496580927726,115.5,0.5773502691896257,
1646365789.556897,26.3125,30.0,29.9375,2174,2164.25,334,0.816496580927726,280.75,0.5,272.75,0.9574271077563381,175.75,1.8929694486000912,114.25,0.9574271077563381,
1646365797.588715,26.375,29.9375,29.875,2195,2185.5,327,0.816496580927726,274.25,0.5,269.5,1.2909944487358056,173,0.816496580927726,112.5,1.2909944487358056,
1646365805.619678,26.3125,29.875,29.8125,2216,2204.75,320.5,1.2909944487358056,269.25,0.9574271077563381,267.25,1.707825127659933,170.25,0.9574271077563381,111.25,1.2583057392117916,
1646365813.65172,26.25,29.875,29.75,2237,2224.5,314.5,1.0,261.75,1.2583057392117916,262.75,0.5,168,0.816496580927726,110,0.816496580927726,
1646365821.68347,26.25,29.8125,29.6875,2258,2245.25,308.25,0.9574271077563381,256.25,1.707825127659933,261.25,0.5,164.5,1.2909944487358056,109,1.4142135623730951,
1646365829.715237,26.25,29.8125,29.6875,2279,2265.5,301.5,1.2909944487358056,252,1.1547005383792515,259.75,2.217355782608345,162.5,1.0,107.75,1.5,
1646365837.745989,26.25,29.875,29.6875,2300,2285.5,295.5,0.5773502691896257,246.25,1.2583057392117916,257.25,1.2583057392117916,161,2.581988897471611,107.25,0.9574271077563381,
1646365845.777831,26.25,29.8125,29.6875,2321,2305.5,290,1.4142135623730951,240.75,1.707825127659933,256,0.816496580927726,160,0.816496580927726,106.5,1.0,
1646365853.809604,26.1875,29.8125,29.6875,2342,2326.5,284.25,0.5,236.5,1.7320508075688772,254.5,0.5773502691896257,158.25,1.2583057392117916,105.25,0.9574271077563381,
1646365861.841276,26.1875,29.8125,29.625,2363,2346.25,278.25,0.5,231.75,1.5,252.75,0.5,156.5,1.0,105.25,2.217355782608345,
1646365869.872775,26.1875,29.8125,29.625,2384,2366,274.5,1.2909944487358056,227,0.816496580927726,250.5,0.5773502691896257,155.5,1.2909944487358056,104,0.816496580927726,
1646365877.903547,26.1875,29.875,29.6875,2405,2386.75,269,1.4142135623730951,221.5,1.2909944487358056,250.75,0.5,155.25,1.2583057392117916,106,0.816496580927726,
1646365885.933527,26.3125,29.875,29.75,2426,2406.5,263.5,2.3804761428476167,217,0.816496580927726,249.5,1.7320508075688772,153.75,0.5,105,1.1547005383792515,
1646365893.964872,26.375,29.875,29.8125,2447,2426.25,260.5,1.9148542155126762,213.25,0.9574271077563381,248.5,1.2909944487358056,153.5,1.7320508075688772,105.5,0.5773502691896257,
1646365901.996933,26.4375,29.875,29.875,2468,2447.25,255.75,1.707825127659933,210,1.4142135623730951,248.5,1.0,154.25,0.5,106.5,1.0,
1646365910.028497,26.5625,29.875,29.875,2489,2466.5,251,1.8257418583505538,204.25,1.707825127659933,248.25,1.5,153.75,1.8929694486000912,106.5,1.9148542155126762,
1646365918.059576,26.625,29.8125,30.0,2510,2486.75,248.5,1.7320508075688772,202.5,1.7320508075688772,248.75,0.9574271077563381,154,1.4142135623730951,107.75,1.8929694486000912,
1646365926.090851,26.6875,29.8125,30.0,2531,2507.25,244.75,1.2583057392117916,198.5,1.2909944487358056,249,1.4142135623730951,155.5,0.5773502691896257,108.75,0.5,
1646365934.122802,26.6875,29.875,30.0,2552,2527.25,242.5,1.2909944487358056,195.75,0.5,249.5,0.5773502691896257,155.25,0.9574271077563381,109.25,0.5,
1646365942.154144,26.6875,29.875,30.0,2573,2547.5,239,0.816496580927726,193.75,1.2583057392117916,251.25,1.5,157,0.816496580927726,109.5,2.3804761428476167,
1646365950.18609,26.625,29.875,30.0,2594,2567.5,236.25,0.9574271077563381,190.75,1.707825127659933,252.25,1.8929694486000912,158.25,0.9574271077563381,112.25,0.9574271077563381,
1646365958.217768,26.5625,29.875,29.9375,2615,2587.75,235.75,1.707825127659933,188,0.816496580927726,254,0.816496580927726,159,0.816496580927726,114.5,0.5773502691896257,
1646365966.249048,26.625,29.9375,30.0,2636,2607.75,234,1.8257418583505538,187,0.816496580927726,256.75,0.9574271077563381,162,0.816496580927726,116.5,0.5773502691896257,
1646365974.280553,26.6875,29.9375,30.0625,2657,2628.25,232,1.4142135623730951,185.25,1.2583057392117916,258.5,1.9148542155126762,164.5,1.2909944487358056,118.5,0.5773502691896257,
1646365982.310872,26.75,29.9375,30.0,2678,2648,231,2.160246899469287,184.75,1.707825127659933,261.5,1.2909944487358056,167.5,0.5773502691896257,120,1.1547005383792515,
1646365990.341784,26.75,29.9375,30.0625,2699,2668.5,230,2.0,184.25,1.2583057392117916,263.5,1.0,168.75,0.5,122.25,0.5,
1646365998.373372,26.8125,29.9375,30.0625,2720,2688.5,230.75,0.9574271077563381,183,2.449489742783178,267,0.816496580927726,171.75,0.9574271077563381,125.25,0.5,
1646366006.404973,26.875,29.9375,30.125,2741,2708.25,231.25,0.9574271077563381,182.75,1.2583057392117916,270,1.4142135623730951,175.75,0.5,126.75,1.2583057392117916,
1646366014.436528,26.875,29.9375,30.125,2762,2727.75,230.75,1.2583057392117916,182.75,0.9574271077563381,275,1.632993161855452,178.5,0.5773502691896257,129.5,1.7320508075688772,
1646366022.4681,26.9375,29.9375,30.125,2783,2749.25,232.75,0.9574271077563381,184.25,1.5,278.5,1.7320508075688772,182.5,1.2909944487358056,133.25,0.9574271077563381,
1646366030.499756,27.0,29.9375,30.125,2804,2769.5,233.5,1.7320508075688772,184.5,1.2909944487358056,282.75,1.5,186.25,1.707825127659933,135.25,0.9574271077563381,
1646366038.531527,27.0,30.0,30.125,2825,2789,235.5,1.0,185.75,1.707825127659933,287.5,1.2909944487358056,189,0.816496580927726,139.75,0.9574271077563381,
1646366046.56336,26.8125,29.8125,30.0,2846,2809.5,239.25,1.2583057392117916,187,0.816496580927726,292.75,0.9574271077563381,193.5,1.2909944487358056,141.5,1.7320508075688772,
1646366054.595003,26.75,29.8125,30.0,2867,2829.25,241.75,0.9574271077563381,188,0.816496580927726,298.5,1.0,198.75,0.5,144.75,1.8929694486000912,
1646366062.626221,26.625,29.75,29.9375,2888,2849.75,245,2.160246899469287,191.5,1.0,303.75,1.5,201.75,0.9574271077563381,147.75,0.9574271077563381,
1646366070.658756,26.625,29.75,29.8125,2909,2869.5,247.25,2.217355782608345,194.25,0.5,310.5,1.0,207.5,1.0,151.75,0.9574271077563381,
1646366078.689758,26.625,29.75,29.75,2930,2889,252.75,1.707825127659933,195.75,1.707825127659933,316,1.4142135623730951,212,1.4142135623730951,154.75,0.5,
1646366086.72126,26.5625,29.75,29.75,2951,2910.75,256.25,0.9574271077563381,200,1.1547005383792515,322.5,0.5773502691896257,217.25,0.5,157.75,0.9574271077563381,
1646366094.752707,26.5,29.75,29.75,2972,2929.75,261.25,1.2583057392117916,201.25,2.362907813126304,328,0.816496580927726,221.75,0.5,162,1.4142135623730951,
1646366102.784176,26.375,29.6875,29.6875,2993,2950.25,265.75,1.8929694486000912,205.75,1.707825127659933,336.5,0.5773502691896257,226.25,0.9574271077563381,165.5,1.0,
1646366110.81544,26.3125,29.6875,29.6875,3014,2970.5,270.75,1.5,210,1.1547005383792515,342.75,1.2583057392117916,230.5,0.5773502691896257,170,0.0,
1646366118.848263,26.3125,29.75,29.6875,3035,2991,276,0.816496580927726,214.75,0.5,349.75,1.5,235.5,1.2909944487358056,173.25,1.2583057392117916,
1646366126.879416,26.25,29.75,29.6875,3056,3011.25,281.25,0.9574271077563381,219.25,1.2583057392117916,357.25,1.707825127659933,242,0.0,176.75,0.9574271077563381,
1646366134.911546,26.25,29.8125,29.6875,3077,3031.25,288.75,1.8929694486000912,224.25,0.9574271077563381,365,1.1547005383792515,247.25,0.5,179.5,1.2909944487358056,
1646366142.943099,26.25,29.8125,29.6875,3098,3051,294.75,0.5,228.75,1.5,371.25,0.9574271077563381,252.5,0.5773502691896257,184.25,0.5,
1646366150.974188,26.25,29.875,29.8125,3119,3071,301.25,0.5,233.25,1.8929694486000912,380.5,1.9148542155126762,257.75,0.9574271077563381,188.75,1.5,
1646366159.005345,26.25,29.875,29.8125,3140,3090.75,308,1.1547005383792515,238.75,1.5,388.25,0.9574271077563381,263.5,1.7320508075688772,191.75,2.0615528128088303,
1646366167.037442,26.25,29.875,29.8125,3161,3110.5,313.25,1.707825127659933,244,1.8257418583505538,395.5,1.2909944487358056,269.25,0.9574271077563381,196.25,0.9574271077563381,
1646366175.068911,26.375,29.9375,29.8125,3182,3131.25,320.5,0.5773502691896257,250.25,0.5,405,0.816496580927726,274.5,1.9148542155126762,199.75,0.5,
1646366183.100643,26.4375,29.9375,29.9375,3203,3151.25,327.75,2.5,255,1.1547005383792515,411.5,1.7320508075688772,280.25,0.5,204,0.0,
1646366191.132047,26.5625,29.9375,30.0,3224,3171.25,334.75,0.9574271077563381,261.25,0.9574271077563381,418,1.4142135623730951,285.75,1.707825127659933,207,1.4142135623730951,
1646366199.16468,26.625,30.0,30.0,3245,3191,343,2.160246899469287,267.25,1.5,427.75,0.9574271077563381,291.5,1.0,211.5,1.2909944487358056,
1646366207.196043,26.625,30.0,30.0,3266,3212.5,349,1.4142135623730951,272.5,0.5773502691896257,435.75,0.5,297.25,1.2583057392117916,215.25,0.5,
1646366215.226907,26.75,30.0,30.0,3287,3231.5,358.5,1.2909944487358056,278.5,1.0,443.75,0.5,302.25,0.9574271077563381,218.75,0.9574271077563381,
1646366223.258582,26.75,30.0,30.0625,3308,3252.25,366,0.0,286,2.160246899469287,451.75,0.9574271077563381,307,0.816496580927726,223,0.816496580927726,
1646366231.289133,26.75,30.0,30.0625,3329,3272,373.75,0.9574271077563381,292.5,1.2909944487358056,459.5,0.5773502691896257,313,1.4142135623730951,227.75,0.9574271077563381,
1646366239.32009,26.75,30.0,30.0625,3350,3291.75,381,1.8257418583505538,299.25,0.9574271077563381,466.75,0.5,316.75,1.5,231,0.816496580927726,
1646366247.351234,26.875,30.0625,30.1875,3371,3312.75,387.75,0.9574271077563381,305.25,0.9574271077563381,476,0.816496580927726,324.5,1.2909944487358056,235.5,0.5773502691896257,
1646366255.382588,26.9375,30.0,30.1875,3392,3332.5,396.5,1.2909944487358056,310.25,2.217355782608345,483.25,0.9574271077563381,329.25,0.5,238.75,0.5,
1646366263.412848,26.9375,30.0,30.125,3413,3352.75,405.5,2.3804761428476167,315.5,0.5773502691896257,492.5,1.2909944487358056,335,1.632993161855452,242.5,1.0,
1646366271.443352,26.875,30.0,30.125,3434,3373,413,1.632993161855452,323.75,1.2583057392117916,499.75,0.5,341.25,1.2583057392117916,247,0.816496580927726,
1646366279.474333,26.9375,30.0,30.125,3455,3392.75,421.75,1.2583057392117916,330.25,2.0615528128088303,507,0.816496580927726,346.75,0.9574271077563381,248.5,1.2909944487358056,
1646366287.505377,26.8125,30.0,30.0625,3476,3412.75,428.5,1.0,336.75,1.2583057392117916,514.25,1.2583057392117916,349.75,1.8929694486000912,253.75,1.707825127659933,
1646366295.536654,26.8125,30.0625,30.0625,3497,3433.25,438,1.8257418583505538,343.75,2.0615528128088303,523.25,1.8929694486000912,356.75,0.5,257.25,0.5,
1646366303.565271,26.8125,30.0625,30.125,3518,3452.75,444.25,0.9574271077563381,350.25,2.5,531,1.8257418583505538,362.25,1.2583057392117916,261.5,0.5773502691896257,
1646366311.595298,26.8125,30.0625,30.0625,3539,3473.25,452.25,1.2583057392117916,357.25,1.2583057392117916,537.25,1.2583057392117916,367,0.816496580927726,264.75,0.5,
1646366319.625726,26.8125,30.0,30.0625,3560,3493.5,459.25,0.5,363,0.816496580927726,546,1.632993161855452,372.75,0.9574271077563381,268,1.632993161855452,
1646366327.656942,26.8125,30.0625,30.0625,3581,3513.5,470.75,1.2583057392117916,370.25,2.5,554,0.816496580927726,378.25,0.5,272.25,0.9574271077563381,
1646366335.68838,26.875,30.0625,30.125,3602,3533.75,477,1.4142135623730951,378.5,1.0,561.25,0.9574271077563381,383.75,0.9574271077563381,276.5,1.2909944487358056,
1646366343.719718,26.875,30.0,30.125,3623,3554.25,485.5,2.3804761428476167,383.75,1.8929694486000912,568.25,1.707825127659933,389,0.0,279.75,0.9574271077563381,
1646366351.750538,26.8125,30.0625,30.0625,3644,3574,492.25,1.2583057392117916,389.25,0.5,577,2.160246899469287,393,0.816496580927726,283,2.0,
1646366359.780474,26.8125,30.0625,30.0625,3665,3594.75,500.75,1.5,396.5,1.0,583.75,0.9574271077563381,399,0.816496580927726,285.75,1.2583057392117916,
1646366367.811423,26.8125,30.0625,30.0625,3686,3614,506.75,1.5,403.25,0.9574271077563381,591,0.0,404,1.4142135623730951,291,1.8257418583505538,
1646366375.84217,26.75,30.0625,30.0625,3707,3634.25,516,0.816496580927726,409.75,0.9574271077563381,598,1.4142135623730951,409.5,0.5773502691896257,295.25,0.5,
1646366383.873591,26.75,30.0625,30.0625,3728,3654.5,524,1.1547005383792515,415,1.1547005383792515,604.75,1.2583057392117916,414.25,0.5,298.5,0.5773502691896257,
1646366391.903363,26.6875,30.125,30.125,3749,3674.5,531.75,2.0615528128088303,422,0.816496580927726,612.75,0.9574271077563381,420,0.816496580927726,301.25,0.9574271077563381,
1646366399.933957,26.6875,30.125,30.125,3770,3694.75,539.5,1.0,428.25,1.707825127659933,619.5,1.2909944487358056,423.75,0.9574271077563381,305,0.816496580927726,
1646366407.964987,26.75,30.125,30.125,3791,3714.75,546.5,0.5773502691896257,435.25,1.707825127659933,628,2.943920288775949,429.75,1.2583057392117916,307,0.816496580927726,
1646366415.995536,26.75,30.1875,30.1875,3812,3735,553.5,1.0,441.75,2.217355782608345,633.75,2.6299556396765835,433.25,0.5,312,0.0,
1646366424.026974,26.6875,30.1875,30.1875,3833,3755.5,560.25,1.8929694486000912,446,0.816496580927726,641.25,1.2583057392117916,439.75,1.707825127659933,315.25,1.707825127659933,
1646366432.05882,26.8125,30.1875,30.1875,3854,3774.75,567.5,1.2909944487358056,453.5,1.7320508075688772,648.25,1.707825127659933,443.75,1.707825127659933,318,1.4142135623730951,
1646366440.090152,26.9375,30.25,30.25,3875,3795.75,575.25,1.2583057392117916,459.25,1.5,653.75,1.2583057392117916,449.75,2.217355782608345,322,0.816496580927726,
1646366448.121186,27.0,30.25,30.25,3925,3833,583.75,2.9860788111948193,472.75,3.947573094109004,669.75,0.9574271077563381,458.25,2.217355782608345,328.75,0.9574271077563381,
1646366456.151898,27.0625,30.25,30.3125,3875,3795.5,575.5,1.7320508075688772,460.5,1.7320508075688772,655.75,2.0615528128088303,447.75,1.707825127659933,322.25,0.5,
1646366464.183672,27.0,30.25,30.3125,3854,3775.25,568.75,1.2583057392117916,453.75,0.9574271077563381,647,0.0,444.25,1.8929694486000912,319,1.4142135623730951,
1646366472.213669,27.0625,30.25,30.3125,3833,3755,562,1.4142135623730951,446,3.1622776601683795,641.5,2.0816659994661326,439.25,0.9574271077563381,315.5,1.2909944487358056,
1646366480.244427,27.125,30.3125,30.375,3812,3735,552.75,1.2583057392117916,440,1.4142135623730951,634.5,1.7320508075688772,434,1.1547005383792515,311.5,1.0,
1646366488.27574,27.1875,30.3125,30.375,3791,3715,545.5,2.0816659994661326,433,1.4142135623730951,626,1.4142135623730951,429.5,1.2909944487358056,308.25,0.9574271077563381,
1646366496.306866,27.125,30.3125,30.375,3770,3694.75,538,1.1547005383792515,428.25,1.2583057392117916,618.5,1.2909944487358056,424.25,0.9574271077563381,305,0.816496580927726,
1646366504.337821,27.0625,30.3125,30.375,3749,3674.25,529.25,0.9574271077563381,421,0.816496580927726,612.75,0.9574271077563381,418.75,0.5,301.5,1.2909944487358056,
1646366512.369181,27.0625,30.375,30.4375,3728,3653.75,521.75,2.362907813126304,415.75,0.5,605,1.8257418583505538,414.5,0.5773502691896257,297,1.1547005383792515,
1646366520.4,27.0625,30.375,30.4375,3707,3633.5,513.75,1.5,409.5,1.2909944487358056,598,2.160246899469287,408,0.816496580927726,294.5,0.5773502691896257,
1646366528.430797,27.0625,30.375,30.4375,3686,3614.25,507,0.816496580927726,402.5,0.5773502691896257,589.5,2.0816659994661326,403.75,1.707825127659933,289.75,1.2583057392117916,
1646366536.461606,27.125,30.375,30.5,3665,3593.75,497.75,2.5,395.75,0.5,582.5,1.0,399.5,1.0,287.5,0.5773502691896257,
1646366544.493194,27.1875,30.4375,30.5,3644,3573,490.5,1.0,388.25,0.5,575.5,0.5773502691896257,393.75,0.9574271077563381,284.5,1.0,
1646366552.523335,27.125,30.4375,30.5,3623,3554.5,483,1.1547005383792515,383.5,3.1091263510296048,567.5,1.7320508075688772,389.25,1.2583057392117916,279,0.0,
1646366560.553459,27.0,30.375,30.5,3602,3533.5,475.25,0.5,376.5,1.7320508075688772,560.75,1.2583057392117916,384,1.632993161855452,276.75,0.5,
1646366568.584507,27.0,30.375,30.4375,3581,3514,467.5,2.0816659994661326,369,1.8257418583505538,553.25,1.2583057392117916,378,0.816496580927726,273,0.816496580927726,
1646366576.614144,26.9375,30.4375,30.4375,3560,3493.75,460,0.816496580927726,361.75,0.9574271077563381,544.5,1.7320508075688772,372.5,1.7320508075688772,269,1.1547005383792515,
1646366584.645384,27.0,30.4375,30.4375,3539,3473.25,449.75,1.2583057392117916,355.75,1.8929694486000912,538,1.1547005383792515,367.75,0.9574271077563381,265.75,1.5,
1646366592.676454,27.0625,30.375,30.5,3518,3453,443,1.4142135623730951,350.5,1.0,530,0.816496580927726,362.25,0.5,261.5,1.2909944487358056,
1646366600.706994,27.0625,30.25,30.4375,3497,3433.25,435,1.1547005383792515,342.75,2.5,521.5,1.2909944487358056,357.75,0.5,259,1.632993161855452,
1646366608.738739,27.0,30.25,30.375,3476,3412.5,427,0.0,335.5,1.0,513.75,0.5,352.5,1.7320508075688772,255,0.816496580927726,
1646366616.769973,27.0,30.25,30.3125,3455,3392.75,420,1.1547005383792515,329.5,1.2909944487358056,506.5,1.2909944487358056,347.75,0.5,250,1.1547005383792515,
1646366624.800551,26.9375,30.3125,30.3125,3434,3373,411.5,1.7320508075688772,324.25,0.9574271077563381,497.5,2.0816659994661326,340,0.816496580927726,247.25,1.5,
1646366632.831903,26.9375,30.3125,30.3125,3413,3352.25,402.75,1.2583057392117916,317.5,0.5773502691896257,490.5,1.0,335.5,0.5773502691896257,243.25,0.5,
1646366640.863669,26.9375,30.3125,30.3125,3392,3332.75,395,1.8257418583505538,310.25,1.2583057392117916,482,1.1547005383792515,330.25,1.8929694486000912,239.5,0.5773502691896257,
1646366648.89349,27.0,30.3125,30.3125,3371,3312.5,386.75,0.5,303.75,0.5,472.75,0.9574271077563381,324.5,0.5773502691896257,235.25,0.9574271077563381,
1646366656.926079,27.0625,30.375,30.375,3350,3291.75,378.75,0.9574271077563381,296.75,0.9574271077563381,466.5,0.5773502691896257,319.25,1.8929694486000912,231.5,1.0,
1646366664.957688,27.125,30.375,30.375,3329,3272,370.75,2.217355782608345,289.75,2.217355782608345,458.25,1.707825127659933,313,1.632993161855452,228.25,0.9574271077563381,
1646366672.988738,27.1875,30.375,30.4375,3308,3252,364,1.8257418583505538,285.75,1.707825127659933,451,1.4142135623730951,308.75,1.2583057392117916,224.25,0.9574271077563381,
1646366681.019543,27.1875,30.375,30.4375,3287,3231.25,356,0.0,278.25,1.707825127659933,442,1.4142135623730951,302.75,2.8722813232690143,220.25,1.5,
1646366689.050885,27.25,30.375,30.4375,3266,3211.5,348.5,1.9148542155126762,272,0.816496580927726,434.5,2.0816659994661326,298,1.4142135623730951,217.25,0.5,
1646366697.081713,27.25,30.375,30.5,3245,3191,340.75,1.5,267,1.8257418583505538,425.75,1.2583057392117916,292.25,1.2583057392117916,212.75,1.2583057392117916,
1646366705.113364,27.3125,30.4375,30.5625,3224,3170.5,333.75,1.2583057392117916,260.25,0.9574271077563381,419,1.632993161855452,286.25,0.5,208.75,1.5,
1646366713.144536,27.3125,30.4375,30.5625,3203,3152,326.5,1.2909944487358056,255.25,0.9574271077563381,410.25,0.5,280.75,0.5,204.25,1.8929694486000912,
1646366721.175095,27.375,30.4375,30.5,3182,3131.5,318.25,1.8929694486000912,249.25,0.5,402,0.816496580927726,275.25,0.9574271077563381,201.25,0.5,
1646366729.20697,27.3125,30.4375,30.5625,3161,3110.75,311,0.816496580927726,242.75,0.9574271077563381,394.25,1.2583057392117916,270,0.0,197.25,0.5,
1646366737.238587,27.375,30.4375,30.625,3140,3091,305,0.816496580927726,238.5,1.2909944487358056,386,2.309401076758503,264,0.816496580927726,192.75,1.5,
1646366745.269316,27.4375,30.5,30.6875,3119,3071.25,298.75,1.5,232.5,1.7320508075688772,379.25,0.9574271077563381,259.25,1.2583057392117916,189.25,0.9574271077563381,
1646366753.300401,27.5,30.5,30.625,3098,3051,292.25,0.9574271077563381,228.25,0.9574271077563381,371.25,1.5,253.5,0.5773502691896257,186,0.816496580927726,
1646366761.331385,27.5,30.5,30.625,3077,3030.75,286.25,1.2583057392117916,223.5,2.0816659994661326,364.25,0.9574271077563381,249,0.816496580927726,181.75,1.707825127659933,
1646366769.362838,27.5,30.4375,30.625,3056,3010.75,280.25,1.5,218.25,2.0615528128088303,356.75,1.2583057392117916,244.5,0.5773502691896257,178.5,0.5773502691896257,
1646366777.394006,27.4375,30.5,30.625,3035,2989.75,276.25,0.9574271077563381,215.25,1.5,350,0.816496580927726,238.5,0.5773502691896257,175.25,0.9574271077563381,
1646366785.42497,27.4375,30.5,30.6875,3014,2970.5,269,0.816496580927726,211.5,1.7320508075688772,342.75,0.9574271077563381,233.5,1.2909944487358056,171,1.4142135623730951,
1646366793.455777,27.5,30.5,30.6875,2993,2951,263.5,1.7320508075688772,206.75,2.362907813126304,335.5,1.7320508075688772,228.5,1.0,168.25,1.2583057392117916,
1646366801.487523,27.5,30.5,30.6875,2972,2930.25,261,0.816496580927726,203.25,0.9574271077563381,329.5,0.5773502691896257,224.25,0.9574271077563381,164,0.816496580927726,
1646366809.518723,27.5,30.5,30.6875,2951,2910,255.5,0.5773502691896257,200.5,1.2909944487358056,322,0.816496580927726,218.5,1.0,161,0.816496580927726,
1646366817.549578,27.5,30.5,30.6875,2930,2889.75,251.5,1.0,198,2.160246899469287,316,0.816496580927726,214,1.4142135623730951,158.25,1.2583057392117916,
1646366825.580731,27.5,30.5,30.75,2909,2870.25,249.5,0.5773502691896257,193.75,1.5,310.75,0.9574271077563381,209.25,0.5,154.75,0.5,
1646366833.609835,27.4375,30.5625,30.6875,2888,2849.25,244.5,1.2909944487358056,192,0.0,305,1.4142135623730951,205.5,1.0,151,0.816496580927726,
1646366841.640781,27.5,30.5625,30.6875,2867,2829.25,241.5,1.7320508075688772,188.75,0.9574271077563381,299.75,1.2583057392117916,200.25,0.5,146.5,1.2909944487358056,
1646366849.672597,27.5,30.5625,30.6875,2846,2809.25,241,0.816496580927726,187.5,0.5773502691896257,294,1.8257418583505538,197.25,0.9574271077563381,143.5,0.5773502691896257,
1646366857.704418,27.5,30.5625,30.75,2825,2788.5,236,0.816496580927726,186.75,0.9574271077563381,289.5,1.0,193,1.4142135623730951,141,1.1547005383792515,
1646366865.735073,27.5,30.5625,30.75,2804,2768.75,235.5,1.2909944487358056,186,1.632993161855452,284.25,1.5,187.75,0.9574271077563381,137.75,2.6299556396765835,
1646366873.766184,27.4375,30.5625,30.75,2783,2748.75,235,1.4142135623730951,186.5,0.5773502691896257,280.5,0.5773502691896257,184.5,1.0,135.75,1.5,
1646366881.797141,27.5,30.5625,30.75,2762,2728,233,1.1547005383792515,184.75,2.217355782608345,276,1.4142135623730951,181.75,0.9574271077563381,132,0.816496580927726,
1646366889.827812,27.375,30.375,30.6875,2741,2708,233,0.816496580927726,186.75,1.5,272.75,0.9574271077563381,177.75,1.5,130,0.816496580927726,
1646366897.859191,27.3125,30.375,30.5625,2720,2687.5,231,1.4142135623730951,186,1.4142135623730951,268,1.4142135623730951,175.25,1.707825127659933,128.5,1.2909944487358056,
1646366905.890618,27.25,30.375,30.5,2699,2668.5,232.75,1.5,187.25,0.9574271077563381,265.75,0.9574271077563381,171.5,1.2909944487358056,125.75,0.5,
1646366913.922057,27.3125,30.375,30.625,2678,2648.25,233.25,0.5,188,0.0,263.75,0.9574271077563381,169,0.816496580927726,123.25,0.9574271077563381,
1646366921.953442,27.375,30.3125,30.625,2657,2628.25,234.25,0.5,190,1.8257418583505538,261.25,0.5,167.5,0.5773502691896257,122,1.4142135623730951,
1646366929.983012,27.25,30.3125,30.5,2636,2607.25,236.25,0.5,191.25,1.2583057392117916,257.75,1.2583057392117916,165.75,0.5,120,1.4142135623730951,
1646366938.014227,27.125,30.25,30.375,2615,2587.25,237,1.4142135623730951,191.5,1.0,256.5,1.0,164.25,0.9574271077563381,118.25,0.9574271077563381,
1646366946.045668,27.0,30.25,30.3125,2594,2567.25,240.5,1.0,194.75,0.9574271077563381,256,0.816496580927726,160.75,0.9574271077563381,115.5,0.5773502691896257,
1646366954.076827,26.875,30.1875,30.3125,2573,2547.75,242,1.632993161855452,197.75,0.9574271077563381,254,0.816496580927726,160.5,0.5773502691896257,114.75,0.5,
1646366962.107793,26.8125,30.1875,30.25,2552,2527.25,245.25,1.2583057392117916,200.5,0.5773502691896257,254,1.4142135623730951,160.75,0.5,113,2.160246899469287,
1646366970.138659,26.875,30.1875,30.3125,2531,2507,247.75,1.707825127659933,203.25,0.9574271077563381,252.75,0.9574271077563381,158.5,0.5773502691896257,112.5,1.0,
1646366978.170237,26.9375,30.1875,30.25,2510,2487.25,251.5,1.2909944487358056,207.5,1.2909944487358056,252.5,0.5773502691896257,158.75,0.5,111.25,0.5,
1646366986.202216,26.875,30.1875,30.25,2489,2467.25,254.25,0.9574271077563381,209.5,1.2909944487358056,251,0.816496580927726,158,1.4142135623730951,109.25,1.2583057392117916,
1646366994.233029,26.875,30.1875,30.3125,2468,2447.25,260,1.4142135623730951,213.25,1.5,252,1.1547005383792515,158.5,1.2909944487358056,110,0.0,
1646367002.263887,26.8125,30.1875,30.3125,2447,2427,263.5,1.2909944487358056,217.25,1.5,251.75,1.2583057392117916,159.25,0.5,109,1.1547005383792515,
1646367010.295359,26.75,30.125,30.25,2426,2406.75,269.5,1.0,221.75,2.362907813126304,253,0.816496580927726,158.5,0.5773502691896257,109.5,1.2909944487358056,
1646367018.328015,26.8125,30.1875,30.25,2405,2386.5,273.75,1.5,227.25,0.9574271077563381,254.25,0.9574271077563381,158.75,0.9574271077563381,108.25,0.5,
1646367026.358299,26.75,30.1875,30.25,2384,2366.75,278.5,1.0,231.75,0.9574271077563381,253.5,1.2909944487358056,160,1.4142135623730951,109.5,0.5773502691896257,
1646367034.389393,26.625,30.0625,30.125,2363,2346,284.5,1.0,237.25,1.707825127659933,256,1.4142135623730951,160.75,0.9574271077563381,109.25,0.9574271077563381,
1646367042.420931,26.5,30.0,30.0625,2342,2326.75,289.5,1.2909944487358056,242.5,2.3804761428476167,256.75,0.9574271077563381,163,0.816496580927726,109.75,1.707825127659933,
1646367050.452083,26.5625,30.0625,30.0625,2321,2306,294,1.8257418583505538,247.5,2.0816659994661326,258.75,1.2583057392117916,163.5,1.0,110.25,0.9574271077563381,
1646367058.483672,26.625,30.0625,30.0625,2300,2285.25,302.5,1.0,252.25,0.9574271077563381,260,0.816496580927726,166.25,0.5,110.75,0.5,
1646367066.514524,26.625,29.9375,30.0,2279,2265.5,306,0.816496580927726,257.75,0.9574271077563381,262.75,1.5,168,1.4142135623730951,111,0.816496580927726,
1646367074.544323,26.625,29.9375,29.9375,2258,2245.25,313.5,1.9148542155126762,261.5,2.0816659994661326,264.75,2.0615528128088303,170.5,1.0,113.5,0.5773502691896257,
1646367082.57533,26.6875,30.0,30.0,2237,2225.75,318.5,0.5773502691896257,268.25,2.217355782608345,268.5,1.2909944487358056,173,0.816496580927726,114.25,0.9574271077563381,
1646367090.605129,26.6875,29.9375,30.0,2216,2205,325.75,1.5,274.75,2.0615528128088303,271.5,0.5773502691896257,174.75,1.2583057392117916,114.25,1.5,
1646367098.63737,26.6875,30.0,30.0,2195,2185.5,333.25,1.707825127659933,280.5,2.3804761428476167,273.5,0.5773502691896257,178.5,0.5773502691896257,115.5,1.2909944487358056,
1646367106.668853,26.625,30.0,30.0,2174,2164.75,339.5,1.2909944487358056,285.5,1.9148542155126762,276,1.8257418583505538,179.75,2.217355782608345,117.75,2.217355782608345,
1646367114.699211,26.5,29.9375,29.9375,2153,2144.75,347,0.816496580927726,292.25,1.707825127659933,281.5,1.2909944487358056,183.5,1.2909944487358056,119.75,1.8929694486000912,
1646367122.728726,26.4375,29.9375,29.9375,2132,2124.5,353.25,0.5,298.5,0.5773502691896257,284.5,1.0,186.75,0.9574271077563381,122.25,0.5,
1646367130.760343,26.375,29.9375,29.875,2111,2104.5,361.25,2.753785273643051,304,1.4142135623730951,289.25,0.9574271077563381,189,1.4142135623730951,124,1.4142135623730951,
1646367138.790873,26.3125,29.875,29.875,2090,2084.5,366.5,1.2909944487358056,309,2.449489742783178,293,1.8257418583505538,193.5,1.0,125,0.0,
1646367146.821203,26.25,29.875,29.8125,2069,2064.75,374.75,2.217355782608345,316.5,1.0,297.75,0.9574271077563381,196.75,1.5,127,0.816496580927726,
1646367154.852638,26.1875,29.8125,29.75,2048,2043.75,381.75,0.5,322.25,0.5,302.5,0.5773502691896257,201,1.4142135623730951,130.25,1.2583057392117916,
